0	2.449
0.02	2.445076
0.3533334	1.954353
0.4538694	1.760555
0.4986073	1.687118
0.5118529	1.667851
0.5343769	1.637261
0.5460724	1.622788
0.5605637	1.60592
0.5713117	1.594949
0.5788261	1.58728
0.5880859	1.579091
0.5997385	1.569018
0.6070923	1.563809
0.6176046	1.556424
0.6248637	1.55213
0.6368278	1.545707
0.6449118	1.542197
0.6553779	1.538344
0.6641279	1.535826
0.6888111	1.532442
0.7128921	1.533949
0.7224672	1.53571
0.7329071	1.538918
0.7404044	1.541288
0.7500027	1.545799
0.756936	1.549057
0.764874	1.553552
0.7746266	1.559666
0.7820531	1.564632
0.7918829	1.572281
0.7997721	1.578419
0.8073592	1.585384
0.817853	1.595063
0.8372402	1.615265
0.8484479	1.628169
0.8669527	1.650847
0.8768156	1.663644
0.8853483	1.675272
0.8954394	1.689417
0.9035053	1.701047
0.9176434	1.722172
0.9288979	1.739683
0.9440315	1.763738
0.9584984	1.787424
0.9716113	1.809491
1.001767	1.861283
1.018489	1.890556
1.025573	1.90301
1.035964	1.9213
1.042688	1.933124
1.053535	1.95217
1.0608	1.964912
1.07172	1.983888
1.07828	1.995286
1.086038	2.008573
1.094948	2.023771
1.102813	2.037057
1.111207	2.050994
1.118409	2.062952
1.125612	2.074583
1.156899	2.123511
1.174536	2.14932
1.187664	2.167641
1.198771	2.182716
1.207662	2.194004
1.219059	2.208313
1.226987	2.217489
1.238433	2.230586
1.246594	2.239136
1.256556	2.249342
1.265047	2.2574
1.273628	2.265101
1.281883	2.272259
1.303694	2.288417
1.337495	2.307119
1.34649	2.310543
1.361384	2.315411
1.369802	2.31705
1.376486	2.318352
1.383403	2.3192
1.392724	2.319651
1.40049	2.319955
1.409094	2.319121
1.416227	2.31843
1.422765	2.3174
1.432195	2.315136
1.452607	2.308469
1.463531	2.303838
1.47457	2.298145
1.482166	2.293945
1.491466	2.287936
1.500011	2.282412
1.510485	2.274341
1.518517	2.268151
1.525682	2.261962
1.541203	2.248047
1.550983	2.238298
1.558411	2.230893
1.56675	2.221905
1.575993	2.211768
1.584067	2.202544
1.60719	2.174509
1.618002	2.1608
1.625443	2.150984
1.635543	2.137471
1.642269	2.12834
1.653034	2.113304
1.660194	2.103295
1.669718	2.089543
1.676961	2.079083
1.68507	2.067194
1.702095	2.041959
1.711518	2.02781
1.719483	2.015849
1.727011	2.004477
1.736784	1.989705
1.755997	1.9607
1.766738	1.944584
1.776087	1.930606
1.783325	1.91987
1.792785	1.905972
1.800563	1.894566
1.810262	1.88068
1.818052	1.869527
1.825481	1.85915
1.835325	1.845522
1.841771	1.8367
1.857812	1.815422
1.865268	1.805891
1.874573	1.794181
1.882187	1.784771
1.893149	1.771829
1.913693	1.748761
1.924253	1.737612
1.935307	1.726566
1.942196	1.719906
1.952658	1.710519
1.960105	1.703849
1.971889	1.694552
1.980128	1.688067
1.989427	1.681789
1.99742	1.676393
2.004855	1.671946
2.019169	1.663969
2.026641	1.660611
2.037574	1.655845
2.044843	1.653276
2.068322	1.646989
2.079788	1.644845
2.087498	1.644345
2.098034	1.643698
2.105875	1.643949
2.115873	1.644583
2.123023	1.64541
2.133224	1.647317
2.140216	1.648649
2.150498	1.651806
2.15786	1.654066
2.165761	1.657168
2.179907	1.663172
2.187263	1.667109
2.198905	1.673358
2.222159	1.688442
2.234833	1.697898
2.241838	1.703299
2.251849	1.711723
2.259587	1.718235
2.268214	1.726206
2.277675	1.734987
2.285589	1.742771
2.296549	1.753807
2.303411	1.760955
2.313731	1.772072
2.320819	1.779756
2.337654	1.798922
2.344182	1.806571
2.355103	1.819569
2.375028	1.843919
2.386298	1.858009
2.397645	1.872356
2.405369	1.88224
2.415594	1.895392
2.422423	1.904202
2.432884	1.917776
2.439834	1.926794
2.447879	1.937241
2.458035	1.95043
2.466989	1.961992
2.476763	1.974593
2.484187	1.984083
2.49953	2.003562
2.507828	2.013867
2.531209	2.042422
2.541613	2.054838
2.552382	2.067247
2.560004	2.076029
2.570774	2.087819
2.578464	2.096238
2.586825	2.104943
2.597369	2.115792
2.604717	2.123005
2.614528	2.132378
2.621869	2.139241
2.63131	2.147497
2.638716	2.153974
2.646922	2.160547
2.655938	2.167646
2.66383	2.173509
2.949548	2.170604
2.981952	2.145715
3.006711	2.124072
3.019836	2.112009
3.027729	2.104339
3.038441	2.093919
3.047171	2.085099
3.05715	2.074935
3.065515	2.06621
3.075894	2.055253
3.083938	2.046648
3.103085	2.025825
3.119647	2.00754
3.127396	1.998903
3.13833	1.986713
3.158796	1.96386
3.17087	1.950452
3.182772	1.937288
3.192385	1.926771
3.200961	1.917413
3.211198	1.906465
3.219509	1.897576
3.227852	1.88891
3.241368	1.874953
3.258686	1.857706
3.266344	1.850385
3.276523	1.84074
3.284169	1.833728
3.294584	1.824438
3.315309	1.806907
3.326639	1.797962
3.337495	1.789699
3.345215	1.784205
3.355537	1.777105
3.363634	1.77182
3.374314	1.76531
3.381925	1.76083
3.399348	1.751648
3.406355	1.748503
3.417209	1.743719
3.424418	1.740934
3.434411	1.737418
3.441526	1.735053
3.451835	1.732363
3.472552	1.728114
3.485616	1.726429
3.497293	1.725541
3.504207	1.725404
3.514226	1.725568
3.521063	1.725778
3.530848	1.726833
3.538029	1.727607
3.545991	1.729002
3.562794	1.732562
3.572406	1.735296
3.580025	1.737465
3.589632	1.74101
3.597314	1.743845
3.605612	1.747363
3.629003	1.758581
3.639882	1.764308
3.64875	1.769602
3.658781	1.775601
3.667641	1.781408
3.676918	1.787572
3.685325	1.793482
3.694789	1.800346
3.702676	1.806213
3.719388	1.819248
3.726701	1.825275
3.736923	1.833741
3.744547	1.840237
3.755481	1.849729
3.76332	1.856642
3.785432	1.8767
3.796392	1.886852
3.803976	1.893948
3.814552	1.903933
3.821977	1.910964
3.831892	1.920426
3.839247	1.927446
3.847316	1.935165
3.859683	1.947001
3.870299	1.957108
3.880184	1.966516
3.890439	1.976148
3.898538	1.983756
3.905859	1.990515
3.916826	2.000598
3.937142	2.018809
3.948009	2.028231
3.957569	2.036434
3.965205	2.042774
3.974176	2.050107
3.982584	2.056857
3.991954	2.064075
4.000012	2.070282
4.017215	2.082648
4.023679	2.087085
4.033368	2.093498
4.040439	2.09815
4.05056	2.104223
4.057661	2.108482
4.065442	2.112789
4.074707	2.117733
4.095872	2.127913
4.106369	2.132309
4.116317	2.136189
4.123631	2.138767
4.133975	2.142022
4.141527	2.144281
4.152316	2.146841
4.159661	2.148584
4.167667	2.14988
4.176641	2.151302
4.184585	2.152198
4.19334	2.152893
4.201384	2.153422
4.20985	2.15342
4.218454	2.153419
4.226299	2.152923
4.257239	2.149152
4.270208	2.146359
4.28098	2.143795
4.291109	2.140715
4.299095	2.138286
4.306437	2.135603
4.316221	2.131945
4.323663	2.12892
4.33388	2.124425
4.340736	2.121364
4.350409	2.11651
4.357758	2.112821
4.366284	2.108181
4.375832	2.102841
4.383805	2.098181
4.410123	2.081596
4.420936	2.074428
4.431391	2.067098
4.438586	2.062053
4.44728	2.055696
4.456392	2.048981
4.465771	2.041896
4.475465	2.034462
4.483237	2.028425
4.492694	2.020952
4.499942	2.015223
4.506824	2.009672
4.516687	2.001717
4.523944	1.995824
4.533854	1.987734
4.553586	1.971583
4.57172	1.956761
4.581851	1.94851
4.591624	1.940631
4.599965	1.933906
4.60749	1.92796
4.617679	1.919909
4.624894	1.914317
4.635486	1.906185
4.64214	1.901135
4.652447	1.893507
4.659988	1.887925
4.668107	1.882186
4.677069	1.875851
4.684877	1.870521
4.706492	1.856362
4.7242	1.845508
4.733648	1.840066
4.740423	1.836186
4.750849	1.83073
4.758898	1.826518
4.767119	1.822617
4.776755	1.818118
4.785082	1.814533
4.794722	1.810607
4.802336	1.807652
4.812727	1.804069
4.820214	1.801501
4.830022	1.798751
4.837747	1.796586
4.857987	1.792103
4.869029	1.790347
4.885796	1.788279
4.89568	1.787498
4.902746	1.787126
4.914029	1.787001
4.92125	1.787006
4.931554	1.787588
4.939094	1.788014
4.948258	1.789078
4.958088	1.790284
4.966946	1.791819
4.976171	1.793548
4.983184	1.79506
4.992206	1.797312
5.011104	1.802696
5.021642	1.806054
5.032261	1.809952
5.038838	1.812366
5.047301	1.815868
5.064085	1.823142
5.073395	1.827525
5.080846	1.831072
5.090212	1.835907
5.097761	1.839805
5.105788	1.844188
5.11555	1.849631
5.122874	1.853819
5.134809	1.860908
5.14306	1.865906
5.168568	1.88209
5.181131	1.890305
5.193958	1.898939
5.201843	1.904275
5.218772	1.915936
5.225367	1.920531
5.236335	1.928195
5.243706	1.933362
5.253388	1.940171
5.262343	1.946465
5.272122	1.95333
5.279513	1.958519
5.286829	1.963608
5.298481	1.971708
5.318168	1.985172
5.329562	1.992785
5.339194	1.999193
5.346951	2.004194
5.356494	2.010325
5.364555	2.015377
5.378736	2.024092
5.386239	2.0285
5.396538	2.034494
5.404265	2.038834
5.416493	2.045498
5.423831	2.049339
5.434313	2.05462
5.442899	2.058816
5.453061	2.06348
5.472823	2.07193
5.483875	2.076269
5.493184	2.079614
5.500879	2.082333
5.510741	2.085354
5.518618	2.087768
5.525969	2.089691
5.541858	2.093577
5.551414	2.095434
5.558672	2.096845
5.566405	2.097976
5.576022	2.099286
5.5835	2.100101
5.592896	2.100833
5.601071	2.101408
5.611833	2.101613
5.631935	2.101304
5.641826	2.100813
5.651403	2.099889
5.657838	2.099268
5.666986	2.097994
5.676736	2.096507
5.686056	2.094756
5.696766	2.09254
5.703812	2.090883
5.721651	2.086178
5.732378	2.082866
5.740137	2.080463
5.754428	2.07538
5.766098	2.070963
5.795763	2.058486
5.806989	2.053303
5.820263	2.046986
5.832234	2.040913
5.84032	2.036803
5.853875	2.029551
5.862079	2.025114
5.872075	2.019534
5.880638	2.014742
5.898148	2.004641
5.905316	2.000432
5.916803	1.993647
5.938042	1.980936
5.950636	1.973337
5.963236	1.965727
5.97501	1.958622
5.98382	1.953326
5.995869	1.946119
6.002845	1.941976
6.015426	1.934578
6.023216	1.930045
6.034302	1.92369
6.042461	1.91906
6.055149	1.91203
6.063224	1.907632
6.082335	1.897555
6.109043	1.884401
6.120958	1.878812
6.133497	1.873332
6.141245	1.869993
6.152288	1.865587
6.159683	1.862636
6.168931	1.85931
6.181484	1.854877
6.191287	1.85179
6.199822	1.849101
6.208055	1.846873
6.218949	1.843935
6.226629	1.842176
6.236908	1.839889
6.263942	1.835229
6.28158	1.833109
6.291697	1.832355
6.300272	1.83173
6.310471	1.831481
6.319561	1.831259
6.329745	1.831493
6.34043	1.831782
6.351371	1.832589
6.358785	1.833136
6.367663	1.834162
6.378701	1.83551
6.386076	1.836696
6.397482	1.838623
6.419897	1.843314
6.43207	1.846439
6.442722	1.849287
6.46022	1.854502
6.479123	1.860843
6.488215	1.864182
6.498602	1.868031
6.506691	1.871243
6.517986	1.87579
6.527341	1.879759
6.538183	1.884423
6.54633	1.88808
6.5566	1.892745
6.5796	1.90359
6.591408	1.90938
6.603082	1.915149
6.61551	1.921405
6.623366	1.925387
6.641902	1.934879
6.653673	1.940952
6.661963	1.945229
6.672183	1.950501
6.680507	1.954794
6.691144	1.96024
6.699978	1.964762
6.707545	1.968575
6.733481	1.981482
6.746188	1.987633
6.757133	1.992843
6.766003	1.996947
6.77651	2.001742
6.785189	2.005583
6.803041	2.013237
6.813828	2.017627
6.821378	2.020658
6.831861	2.024614
6.839994	2.027683
6.848944	2.03078
6.860433	2.03474
6.885256	2.042293
6.897709	2.045726
6.907031	2.048026
6.918998	2.050866
6.926192	2.052325
6.937861	2.054627
6.947644	2.05624
6.967139	2.05898
6.979037	2.060337
6.986339	2.0609
6.998732	2.061786
7.006525	2.062061
7.019818	2.062437
7.040741	2.062111
7.055254	2.061291
7.06374	2.060656
7.073468	2.059704
7.082127	2.058771
7.091045	2.05754
7.099612	2.056358
7.107785	2.054929
7.118062	2.053114
7.126396	2.051405
7.145281	2.047188
7.155978	2.04453
7.16501	2.042122
7.175274	2.039237
7.201051	2.031329
7.21655	2.026081
7.224616	2.023237
7.234444	2.019668
7.241937	2.016905
7.252392	2.012885
7.260654	2.009696
7.273344	2.004588
7.280787	2.001581
7.298795	1.99407
7.30625	1.990892
7.31688	1.98634
7.324343	1.983111
7.335274	1.978347
7.359216	1.967833
7.371604	1.962376
7.382379	1.957637
7.392735	1.953105
7.402025	1.949053
7.41283	1.944393
7.420017	1.941294
7.430748	1.936772
7.438238	1.933616
7.446763	1.930112
7.466952	1.921979
7.47914	1.917199
7.486768	1.914337
7.512918	1.904866
7.523887	1.90111
7.534942	1.897499
7.543143	1.894904
7.554018	1.891643
7.562746	1.889105
7.572593	1.886438
7.581163	1.884152
7.591211	1.881741
7.599455	1.879762
7.607613	1.878053
7.625991	1.874444
7.636254	1.872663
7.644108	1.871444
7.668961	1.868319
7.680105	1.867176
7.689885	1.866525
7.698338	1.865963
7.70622	1.865664
7.717995	1.86531
7.725811	1.865284
7.736927	1.86535
7.745309	1.865592
7.755757	1.86603
7.765289	1.866615
7.777359	1.867544
7.786271	1.868448
7.80467	1.870658
7.830371	1.874712
7.843103	1.877058
7.854302	1.87938
7.863359	1.881351
7.874036	1.883862
7.883048	1.886061
7.895024	1.889189
7.902509	1.891203
7.913573	1.894356
7.92204	1.896811
7.933204	1.900231
7.94096	1.902624
7.952095	1.906245
7.981771	1.916269
7.996407	1.92146
8.004044	1.924212
8.015814	1.92851
8.024465	1.931703
8.036287	1.936109
8.044975	1.93937
8.056638	1.94377
8.064958	1.946916
8.075293	1.950831
8.083657	1.953993
8.095781	1.958567
8.104734	1.961923
8.140002	1.974919
8.15481	1.980175
8.163312	1.983149
8.173955	1.986787
8.184007	1.99016
8.196473	1.994224
8.205527	1.997075
8.218289	2.001003
8.226763	2.003471
8.239499	2.007127
8.248175	2.009432
8.260345	2.012639
8.285321	2.018478
8.306832	2.022864
8.319123	2.025133
8.327327	2.026431
8.338105	2.028103
8.346369	2.029194
8.35739	2.030573
8.366216	2.031486
8.376552	2.03246
8.386407	2.033187
8.3996	2.034014
8.408479	2.034304
8.419588	2.034651
8.44135	2.034602
8.455102	2.034158
8.465466	2.033653
8.485235	2.032244
8.499844	2.030881
8.509064	2.029758
8.519988	2.028423
8.528601	2.027132
8.538716	2.025615
8.547311	2.024134
8.559328	2.022016
8.567887	2.020313
8.579209	2.018038
8.601937	2.012931
8.615634	2.009581
8.623792	2.007515
8.635291	2.004488
8.643904	2.002156
8.662552	1.996904
8.672666	1.993932
8.681467	1.991329
8.691108	1.988384
8.699994	1.98567
8.708386	1.983029
8.719518	1.979528
8.728162	1.976755
8.74014	1.972907
8.7656	1.964623
8.778747	1.960332
8.786612	1.957773
8.797154	1.954345
8.805134	1.951771
8.817458	1.947811
8.827255	1.94471
8.847933	1.938269
8.859492	1.934732
8.868616	1.932037
8.881382	1.928292
8.893456	1.924896
8.916196	1.918751
8.928494	1.915633
8.938689	1.913104
8.947369	1.911094
8.958202	1.908617
8.967308	1.906689
8.978738	1.904316
8.986188	1.902909
8.996505	1.901
9.00493	1.899558
9.023202	1.896691
9.034289	1.895179
9.041078	1.89428
9.051093	1.89317
9.072845	1.8911
9.083813	1.890277
9.095714	1.889593
9.104279	1.889216
9.11644	1.888846
9.124197	1.888721
9.134686	1.888682
9.142782	1.888726
9.152584	1.888953
9.163023	1.889273
9.172834	1.889753
9.183465	1.890365
9.201493	1.891755
9.21203	1.892812
9.233951	1.895341
9.243698	1.896634
9.254452	1.898212
9.26276	1.899491
9.274093	1.901399
9.282717	1.902905
9.29576	1.905364
9.304531	1.907098
9.315305	1.909321
9.322887	1.910931
9.335044	1.913635
9.343107	1.915472
9.355399	1.918381
9.363173	1.92026
9.392357	1.927653
9.402885	1.930406
9.413636	1.933281
9.422833	1.935758
9.434676	1.938997
9.441814	1.940956
9.453176	1.944106
9.461588	1.946441
9.474034	1.949912
9.483133	1.952448
9.492639	1.955092
9.501308	1.957501
9.51076	1.960104
9.518255	1.962168
9.539557	1.967936
9.557955	1.972782
9.568015	1.975357
9.578983	1.978142
9.587899	1.980319
9.599389	1.983109
9.606738	1.984805
9.617814	1.98735
9.625824	1.989104
9.638013	1.991723
9.646523	1.993444
9.658623	1.995845
9.667808	1.997527
9.678329	1.999425
9.700837	2.003065
9.722278	2.006045
9.732697	2.007299
9.739828	2.008157
9.749585	2.009122
9.759674	2.010115
9.768021	2.010756
9.780126	2.011672
9.792183	2.012308
9.801409	2.012761
9.812984	2.013104
9.821934	2.013324
9.83278	2.013397
9.853151	2.013229
9.863455	2.012982
9.872407	2.012634
9.88045	2.012311
9.889315	2.011768
9.897175	2.011287
9.904571	2.010736
9.921571	2.0093
9.937108	2.007697
9.945341	2.006743
9.95579	2.005462
9.963471	2.004457
9.973847	2.002994
9.981813	2.00184
9.992141	2.000207
10.01713	1.995988
10.02928	1.993743
10.03863	1.991985
10.04727	1.99027
10.05679	1.98836
10.06575	1.986502
10.07732	1.984056
10.08504	1.98238
10.10227	1.978566
10.11357	1.975993
10.12102	1.974293
10.13128	1.971902
10.13968	1.969947
10.14886	1.967779
10.17343	1.96195
10.18624	1.958905
10.19714	1.956316
10.20451	1.954577
10.21553	1.951985
10.22316	1.950204
10.23373	1.947761
10.24106	1.946073
10.25879	1.942082
10.26701	1.940285
10.27844	1.937799
10.28557	1.936301
10.29658	1.93401
10.30393	1.932524
10.32811	1.927855
10.339	1.925842
10.34717	1.92443
10.35684	1.922774
10.36519	1.921422
10.37611	1.919717
10.38445	1.918485
10.39523	1.916975
10.40261	1.915985
10.42139	1.913696
10.43274	1.912501
10.44019	1.911721
10.45151	1.910741
10.46141	1.90991
10.48601	1.908367
10.49794	1.907793
10.50543	1.907539
10.51586	1.907242
10.52302	1.907096
10.53311	1.907003
10.54138	1.906955
10.55149	1.907062
10.55857	1.907136
10.5685	1.907404
10.57795	1.907685
10.58529	1.908005
10.60185	1.908849
10.61228	1.909551
10.63657	1.911483
10.64941	1.912731
10.65948	1.913754
10.66929	1.914896
10.68189	1.916402
10.69279	1.917842
10.70065	1.918888
10.71175	1.920508
10.71934	1.921614
10.72906	1.923145
10.73845	1.924632
10.74748	1.926146
10.75816	1.927958
10.76669	1.929471
10.79996	1.935594
10.81254	1.938025
10.82278	1.940015
10.8337	1.942174
10.84173	1.943767
10.85295	1.946018
10.86059	1.947551
10.87091	1.949636
10.87925	1.951322
10.88763	1.953013
10.89863	1.955231
10.90671	1.956849
10.91898	1.959301
10.94111	1.963645
10.96115	1.967475
10.97091	1.96928
10.97989	1.970939
10.98837	1.97244
10.99988	1.974478
11.0074	1.975739
11.01681	1.977318
11.02412	1.978502
11.03593	1.980366
11.0442	1.981624
11.05392	1.98305
11.06175	1.984177
11.07189	1.985539
11.09399	1.988326
11.10543	1.989635
11.11533	1.990694
11.13152	1.992253
11.14084	1.993097
11.15228	1.993967
11.16071	1.994598
11.17126	1.995228
11.18069	1.99578
11.19023	1.996194
11.1993	1.996588
11.20695	1.996806
11.21713	1.997081
11.22447	1.997203
11.24814	1.997302
11.25797	1.997235
11.2666	1.997067
11.27869	1.996787
11.28678	1.996492
11.30278	1.995823
11.31265	1.995282
11.32026	1.994861
11.33089	1.994119
11.33799	1.993623
11.34645	1.992939
11.35569	1.992161
11.36499	1.991311
11.37514	1.990319
11.40044	1.987587
11.41483	1.985834
11.4222	1.984913
11.43325	1.983454
11.44092	1.982431
11.45186	1.980882
11.4619	1.979445
11.48421	1.976074
11.49572	1.97427
11.50363	1.973009
11.51432	1.971273
11.52173	1.970062
11.53264	1.968244
11.55293	1.964823
11.56426	1.962896
11.57506	1.961047
11.58333	1.959631
11.59314	1.957952
11.60146	1.956527
11.61144	1.95483
11.61908	1.95353
11.62769	1.952085
11.63702	1.950521
11.64523	1.949166
11.66151	1.94651
11.67049	1.945085
11.6787	1.943783
11.68661	1.94257
11.71164	1.938845
11.72257	1.937284
11.73361	1.935779
11.74125	1.93475
11.75174	1.933422
11.76113	1.932246
11.77243	1.930936
11.78071	1.929983
11.79051	1.928959
11.79875	1.928097
11.80704	1.927317
11.81711	1.926387
11.8253	1.925698
11.84258	1.924357
11.86696	1.922835
11.87971	1.922163
11.88637	1.9219
11.8966	1.921502
11.90354	1.921282
11.91555	1.920982
11.92386	1.920828
11.93501	1.920705
11.94262	1.920657
11.95298	1.92069
11.96149	1.920738
11.97204	1.920919
11.98024	1.921062
11.99089	1.921387
12.01172	1.922172
12.03093	1.923134
12.04083	1.923691
12.0523	1.924464
12.0609	1.925055
12.07225	1.925956
12.08126	1.926684
12.09074	1.927536
12.09953	1.928326
12.10691	1.929057
12.11675	1.930038
12.12446	1.930848
12.13507	1.932003
12.14255	1.932839
12.16923	1.936032
12.18136	1.93755
12.20008	1.939998
12.2115	1.941554
12.21977	1.942678
12.22831	1.943877
12.23877	1.945343
12.24772	1.946623
12.25865	1.94819
12.26771	1.949505
12.28014	1.951311
12.29011	1.952769
12.29914	1.954087
12.32177	1.957382
12.33637	1.959486
12.34494	1.960709
12.35706	1.962422
12.36551	1.963598
12.38345	1.96605
12.39422	1.967479
12.4027	1.968588
12.41489	1.970134
12.42253	1.971085
12.43596	1.972695
12.44355	1.973575
12.45492	1.974849
12.47879	1.977356
12.48913	1.978335
12.50293	1.979596
12.51586	1.980672
12.52387	1.981296
12.53592	1.982166
12.54421	1.982719
12.56161	1.983766
12.57365	1.984365
12.58288	1.98479
12.59215	1.98514
12.6006	1.985451
12.6116	1.985733
12.63147	1.986105
12.64125	1.986224
12.65153	1.986236
12.65916	1.986245
12.66843	1.986153
12.67899	1.986038
12.68729	1.985861
12.69769	1.985625
12.70542	1.985387
12.71697	1.984993
12.72469	1.984675
12.73541	1.984187
12.74381	1.983763
12.76186	1.982724
12.77254	1.982012
12.79911	1.980056
12.81082	1.979067
12.82093	1.978199
12.83221	1.977147
12.84016	1.976404
12.85056	1.975359
12.85856	1.974554
12.86697	1.973665
12.87835	1.972449
12.88606	1.971592
12.89699	1.970364
12.90488	1.969456
12.91678	1.968066
12.92467	1.967127
12.95707	1.963185
12.96852	1.961763
12.97981	1.960358
12.98775	1.959367
12.99904	1.957955
13.006	1.957088
13.01723	1.95569
13.02424	1.954823
13.03562	1.953422
13.0441	1.952389
13.05487	1.95109
13.06298	1.950121
13.07337	1.948903
13.08168	1.947936
13.1065	1.945164
13.12577	1.943118
13.13636	1.942038
13.14593	1.941103
13.15624	1.94012
13.16431	1.939383
13.17379	1.93855
13.18267	1.93779
13.19375	1.936904
13.20137	1.936307
13.21277	1.935493
13.22044	1.93495
13.23181	1.93424
13.25378	1.932999
13.26526	1.932441
13.27683	1.931939
13.28431	1.931657
13.296	1.931265
13.30336	1.931052
13.32092	1.930647
13.33036	1.930518
13.34008	1.930386
13.35152	1.930349
13.36012	1.930323
13.3705	1.930396
13.37902	1.930456
13.38742	1.930589
13.41511	1.931204
13.4249	1.931506
13.43585	1.931892
13.445	1.93226
13.45591	1.932743
13.46557	1.933209
13.47819	1.933856
13.48639	1.934327
13.49707	1.934959
13.5043	1.93542
13.5214	1.936574
13.54147	1.938075
13.56757	1.940231
13.57907	1.941225
13.5868	1.941926
13.59695	1.94285
13.60472	1.943578
13.61514	1.94457
13.6235	1.945377
13.63408	1.946419
13.64133	1.947136
13.65143	1.948156
13.66015	1.949037
13.66997	1.950046
13.67859	1.950931
13.6864	1.951739
13.70197	1.953352
13.72557	1.955794
13.73609	1.956876
13.74472	1.957757
13.75433	1.958731
13.76369	1.959671
13.77603	1.960892
13.78438	1.961704
13.79544	1.962764
13.8028	1.963458
13.8131	1.964405
13.8209	1.965117
13.83118	1.966014
13.83934	1.966725
13.84793	1.967432
13.86659	1.968918
13.89031	1.970647
13.90117	1.97139
13.91216	1.972077
13.92073	1.972608
13.93119	1.973189
13.93885	1.973615
13.94745	1.974036
13.95681	1.974484
13.96514	1.974842
13.97522	1.975242
13.98282	1.975521
13.99351	1.97586
14.0006	1.976079
14.01081	1.97631
14.01872	1.97649
14.04976	1.976838
14.06357	1.976875
14.07374	1.976838
14.08223	1.976789
14.09204	1.976672
14.10074	1.976563
14.11095	1.976359
14.11843	1.976211
14.12689	1.975989
14.13713	1.975707
14.14602	1.975414
14.15674	1.975034
14.16489	1.974708
14.17573	1.974243
14.20051	1.973033
14.22003	1.971933
14.2295	1.971343
14.23565	1.97096
14.24227	1.970535
14.25157	1.969906
14.26028	1.969316
14.26885	1.968696
14.27551	1.968215
14.28224	1.967718
14.29039	1.967095
14.2971	1.966582
14.30432	1.966015
14.31403	1.965239
14.32137	1.96465
14.33138	1.963823
14.35077	1.962197
14.36116	1.961316
14.37111	1.960459
14.38444	1.959309
14.39364	1.958511
14.4005	1.957916
14.41014	1.95708
14.41724	1.956464
14.42406	1.955876
14.43432	1.954994
14.44126	1.954398
14.45043	1.953623
14.45768	1.953009
14.46676	1.952255
14.47739	1.951378
14.4855	1.950723
14.50825	1.948933
14.51847	1.948151
14.52702	1.947523
14.53667	1.946821
14.54427	1.946288
14.56118	1.945138
14.57319	1.944376
14.58112	1.94388
14.59067	1.943325
14.59881	1.942851
14.60597	1.94247
14.6156	1.941965
14.62236	1.941625
14.63245	1.941157
14.63994	1.94081
14.66087	1.939977
14.67246	1.939589
14.68104	1.939308
14.69033	1.939058
14.69895	1.938827
14.70629	1.938672
14.71673	1.938462
14.72373	1.938349
14.74067	1.938138
14.75026	1.938087
14.75784	1.938046
14.76587	1.938045
14.7754	1.938062
14.78273	1.938095
14.79341	1.93819
14.81307	1.938454
14.82313	1.938632
14.83307	1.938853
14.83998	1.939006
14.84841	1.939243
14.85745	1.939497
14.86579	1.939769
14.87508	1.940091
14.88286	1.940373
14.89189	1.940726
14.89973	1.941032
14.9066	1.941332
14.923	1.942064
14.9334	1.942566
14.94016	1.942892
14.95014	1.943415
14.97008	1.9445
14.98104	1.945123
14.99055	1.945695
14.99884	1.946195
15.00626	1.946662
15.01633	1.947303
15.02356	1.947773
15.03336	1.948424
15.04075	1.948917
15.05038	1.949581
15.05795	1.950102
15.06586	1.950658
15.07532	1.951328
15.08297	1.951873
15.09739	1.952913
15.10464	1.953439
15.12826	1.955162
15.13879	1.95593
15.14716	1.956539
15.15629	1.957203
15.16445	1.957791
15.17352	1.958442
15.18251	1.959082
15.19264	1.959793
15.20039	1.960335
15.21048	1.961022
15.2174	1.961493
15.2247	1.961977
15.23434	1.962606
15.24178	1.963087
15.2513	1.963679
15.26048	1.964248
15.28845	1.965846
15.29812	1.96637
15.30597	1.966766
15.31577	1.967251
15.3226	1.967574
15.33296	1.968031
15.34028	1.968352
15.35011	1.96873
15.35688	1.96899
15.36459	1.969257
15.37343	1.969541
15.3812	1.969783
15.39018	1.970021
15.39756	1.970216
15.40463	1.970376
15.41463	1.970583
15.43473	1.970902
15.44539	1.971018
15.46062	1.971131
15.47075	1.971145
15.47893	1.971156
15.48644	1.971127
15.50147	1.971047
15.51141	1.970941
15.51889	1.970861
15.52678	1.970738
15.53794	1.970555
15.54714	1.970365
15.55735	1.970141
15.56582	1.969925
15.59027	1.969205
15.6019	1.968815
15.61226	1.968425
15.62143	1.968072
15.63956	1.967303
15.64699	1.966957
15.6563	1.966522
15.66452	1.966121
15.67374	1.965655
15.68147	1.965259
15.69094	1.964748
15.69893	1.964317
15.70601	1.963918
15.71645	1.963325
15.73664	1.962137
15.74767	1.961469
15.75675	1.960914
15.76426	1.960449
15.77326	1.959886
15.78132	1.95938
15.79027	1.958813
15.79755	1.958351
15.80463	1.957901
15.82084	1.956867
15.83064	1.956244
15.83794	1.95578
15.84577	1.955286
15.85545	1.954677
15.86322	1.954191
15.87298	1.953589
15.89534	1.952232
15.90608	1.951599
15.91798	1.950908
15.9268	1.950413
15.93682	1.949857
15.94604	1.949362
15.95776	1.948745
15.96571	1.948346
15.97693	1.947793
15.98542	1.947394
16.00248	1.946625
16.01367	1.946157
16.0222	1.945811
16.03331	1.945394
16.05478	1.944654
16.06725	1.944275
16.07872	1.943949
16.08778	1.943728
16.09919	1.943458
16.1078	1.943296
16.11859	1.943098
16.1279	1.942971
16.13864	1.942833
16.14937	1.942747
16.15847	1.94268
16.1676	1.942654
16.18473	1.942647
16.19596	1.942685
16.21671	1.942842
16.22928	1.942996
16.24039	1.943149
16.25221	1.943364
16.26231	1.943559
16.27299	1.9438
16.28175	1.944005
16.29346	1.944316
16.30323	1.944587
16.31422	1.944918
16.32267	1.945183
16.33409	1.945572
16.34333	1.9459
16.35468	1.94633
16.38147	1.947406
16.4034	1.94837
16.41653	1.948976
16.42752	1.949501
16.43799	1.950011
16.44774	1.950495
16.45731	1.950974
16.46679	1.951456
16.47836	1.952048
16.48541	1.952413
16.49714	1.953022
16.50382	1.953371
16.51521	1.953967
16.53711	1.955113
16.54873	1.955719
16.55912	1.956259
16.56789	1.956708
16.58458	1.957556
16.59407	1.95803
16.60137	1.958391
16.61133	1.958872
16.61988	1.959283
16.62946	1.959724
16.63906	1.960165
16.64707	1.960518
16.65617	1.960917
16.66455	1.961274
16.67413	1.961672
16.69458	1.962479
16.70448	1.962846
16.71506	1.963219
16.72217	1.963461
16.73206	1.963768
16.73969	1.964006
16.74778	1.96423
16.75693	1.964481
16.76472	1.964679
16.78097	1.965066
16.7902	1.965246
16.79779	1.965394
16.80489	1.965511
16.816	1.965678
16.82333	1.965774
16.83344	1.965881
16.85266	1.966032
16.86396	1.966087
16.8732	1.966107
16.88137	1.966119
16.89082	1.9661
16.89863	1.966084
16.90603	1.966045
16.91612	1.965985
16.92307	1.965931
16.93302	1.965832
16.9407	1.965754
16.95029	1.965623
16.95755	1.965524
16.96525	1.965401
16.98104	1.965127
16.99052	1.964932
17.01081	1.964482
17.02068	1.964247
17.03114	1.963969
17.03868	1.963769
17.04772	1.963504
17.05683	1.963233
17.06493	1.962979
17.07405	1.962681
17.08188	1.962421
17.09148	1.962084
17.09944	1.961804
17.10659	1.961538
17.11678	1.961157
17.12351	1.960899
17.13383	1.960494
17.14112	1.960206
17.16682	1.959149
17.18532	1.958367
17.20097	1.957697
17.21153	1.957239
17.219	1.956916
17.22701	1.956568
17.237	1.956134
17.24464	1.955803
17.25447	1.955378
17.26217	1.955046
17.27241	1.954609
17.2802	1.954277
17.2895	1.953889
17.29787	1.953539
17.31768	1.952733
17.32857	1.952304
17.33759	1.951952
17.34557	1.95165
17.36147	1.951061
17.37028	1.95075
17.37799	1.950479
17.3856	1.950224
17.39544	1.9499
17.40219	1.949683
17.41193	1.949388
17.41877	1.94918
17.42681	1.948954
17.43594	1.948701
17.44387	1.948493
17.45327	1.94826
17.47457	1.947775
17.48557	1.947556
17.49593	1.947368
17.50312	1.94725
17.51346	1.947102
17.52143	1.946993
17.53733	1.946826
17.5444	1.946769
17.55418	1.946704
17.5617	1.946661
17.57101	1.946635
17.57918	1.946612
17.58675	1.946616
17.59654	1.946625
17.6035	1.946645
17.62703	1.946779
17.63676	1.946858
17.64629	1.946957
17.65758	1.947087
17.66595	1.947203
17.67687	1.947364
17.68405	1.947481
17.69393	1.947656
17.70082	1.94778
17.7171	1.948111
17.7238	1.948257
17.73362	1.94848
17.74567	1.948766
17.75679	1.949043
17.78306	1.949744
17.7962	1.950127
17.80434	1.950371
17.81564	1.950716
17.82258	1.950931
17.83346	1.951279
17.84096	1.951519
17.8516	1.951868
17.86133	1.952188
17.87102	1.952514
17.87897	1.95278
17.8864	1.953033
17.89936	1.953474
17.9057	1.953689
17.91528	1.954013
17.93509	1.954692
17.94666	1.955092
17.9559	1.955412
17.96339	1.955671
17.97396	1.956036
17.98227	1.95632
17.99209	1.956647
17.99849	1.956861
18.00617	1.95711
18.01558	1.957413
18.02231	1.957627
18.0311	1.957897
18.03841	1.958122
18.04598	1.958349
18.06076	1.958787
18.07017	1.959047
18.09006	1.959582
18.10124	1.959873
18.1113	1.960122
18.1182	1.960292
18.12665	1.960483
18.13513	1.960669
18.14244	1.960823
18.15131	1.960994
18.15894	1.961141
18.16686	1.961275
18.17681	1.961439
18.18419	1.96155
18.19496	1.961698
18.20211	1.961791
18.21204	1.961901
18.21947	1.961983
18.22713	1.962048
18.25583	1.962243
18.26544	1.962282
18.27463	1.962308
18.28252	1.962325
18.29279	1.962327
18.30014	1.962329
18.31003	1.962306
18.31747	1.962289
18.32539	1.962257
18.335	1.962211
18.34307	1.962165
18.35294	1.962094
18.36175	1.962026
18.37097	1.961939
18.37902	1.961862
18.39812	1.961642
18.40882	1.961499
18.42352	1.961291
18.43322	1.961139
18.44029	1.961029
18.45045	1.960852
18.45926	1.9607
18.46645	1.960565
18.47627	1.960379
18.48322	1.960243
18.49311	1.960043
18.50049	1.959892
18.51053	1.959676
18.51788	1.959518
18.52485	1.959363
18.53428	1.959151
18.55473	1.958677
18.56535	1.958426
18.574	1.958219
18.58271	1.958008
18.59934	1.957602
18.6061	1.957436
18.61668	1.957175
18.62419	1.95699
18.63374	1.956754
18.64079	1.95658
18.65062	1.956339
18.65836	1.95615
18.66628	1.955958
18.67791	1.955677
18.68668	1.955469
18.70969	1.954933
18.71961	1.954706
18.72816	1.954518
18.73817	1.954298
18.74657	1.954121
18.75621	1.953919
18.76693	1.953704
18.78625	1.953332
18.79723	1.953131
18.80439	1.953006
18.81521	1.952824
18.82247	1.952705
18.83255	1.952551
18.84035	1.952433
18.86214	1.952141
18.87235	1.95202
18.88059	1.951924
18.88984	1.951831
18.89775	1.951752
18.90524	1.951687
18.91483	1.951609
18.92175	1.951557
18.93113	1.951498
18.93816	1.951455
18.94701	1.951413
18.96278	1.95135
18.97196	1.951329
18.98022	1.951309
18.98985	1.951304
18.99789	1.9513
19.01744	1.951322
19.02791	1.95135
19.03715	1.951379
19.04515	1.951413
19.05527	1.951462
19.06348	1.951508
19.07246	1.951566
19.08054	1.951619
19.08997	1.951695
19.09782	1.951758
19.10466	1.951819
19.11392	1.951907
19.12069	1.951972
19.13162	1.952089
19.13877	1.952166
19.14656	1.952258
19.16292	1.952456
19.18675	1.952772
19.19842	1.952934
19.20583	1.953042
19.21616	1.953193
19.22313	1.953297
19.23344	1.953455
19.24033	1.95356
19.25014	1.953714
19.25879	1.953851
19.26617	1.953969
19.27622	1.954131
19.28355	1.954249
19.29346	1.95441
19.30091	1.954531
19.31131	1.954701
19.33126	1.955025
19.34807	1.955296
19.35708	1.955441
19.3655	1.955574
19.37631	1.955743
19.38311	1.955849
19.39348	1.956007
19.40139	1.956126
19.41153	1.956276
19.41895	1.956385
19.42702	1.956499
19.43606	1.956626
19.44393	1.956733
19.45337	1.956859
19.46099	1.95696
19.47301	1.957111
19.4942	1.957363
19.50456	1.95748
19.51478	1.957589
19.52171	1.957661
19.53847	1.957824
19.5463	1.957893
19.55535	1.957972
19.56265	1.958032
19.57165	1.9581
19.57953	1.95816
19.5867	1.958207
19.59624	1.958268
19.60277	1.958308
19.61295	1.958362
19.62003	1.9584
19.62996	1.958442
19.64954	1.958513
19.66035	1.958546
19.66975	1.958565
19.67773	1.95858
19.68534	1.958589
19.69514	1.958597
19.70289	1.9586
19.71468	1.958597
19.72182	1.958593
19.73859	1.958571
19.74642	1.958554
19.7557	1.958531
19.76354	1.958509
19.7731	1.958477
19.78137	1.958448
19.80397	1.958347
19.81538	1.958288
19.82251	1.958249
19.83318	1.958185
19.84023	1.958142
19.85016	1.958075
19.85896	1.958015
19.8674	1.957953
19.87849	1.95787
19.88652	1.957806
19.89763	1.957716
19.90586	1.957646
19.91689	1.957551
19.92309	1.957496
19.93979	1.957344
19.9599	1.957153
19.96964	1.957058
19.97944	1.956962
19.98578	1.956899
19.99578	1.956799
20.00258	1.956731
20.01352	1.95662
20.02082	1.956546
20.03067	1.956446
20.0379	1.956372
20.04633	1.956287
20.05585	1.95619
20.06353	1.956113
20.0717	1.956031
20.07907	1.955957
20.08673	1.955881
20.1093	1.955662
20.12626	1.955502
20.13535	1.955418
20.14278	1.95535
20.15292	1.955261
20.16151	1.955186
20.1708	1.955108
20.17822	1.955046
20.18557	1.954988
20.1956	1.954909
20.20172	1.954862
20.21182	1.954789
20.21926	1.954735
20.22697	1.954683
20.23617	1.954622
20.24354	1.954576
20.26608	1.954445
20.27662	1.95439
20.28425	1.954353
20.29493	1.954304
20.30208	1.954273
20.31886	1.95421
20.3261	1.954187
20.33519	1.954159
20.34238	1.954139
20.35117	1.954119
20.35949	1.954101
20.3672	1.954089
20.37743	1.954073
20.38486	1.954066
20.39456	1.954059
20.41513	1.954055
20.42604	1.95406
20.43585	1.954067
20.44629	1.95408
20.45954	1.954099
20.47061	1.954123
20.483	1.954151
20.49525	1.954185
20.50369	1.954211
20.52592	1.95429
20.53925	1.954343
20.54987	1.95439
20.58254	1.954549
20.59733	1.954628
20.60571	1.954675
20.61988	1.954756
20.62934	1.954814
20.64213	1.954892
20.65553	1.954976
20.66533	1.955039
20.67823	1.955122
20.68732	1.955182
20.70044	1.955269
20.74254	1.955552
20.75682	1.955647
20.76579	1.955707
20.77874	1.955792
20.78787	1.955852
20.79906	1.955924
20.80857	1.955984
20.81903	1.95605
20.82821	1.956106
20.83901	1.956171
20.84751	1.956221
20.85945	1.95629
20.88521	1.95643
20.90063	1.956509
20.91299	1.956568
20.9201	1.956602
20.93857	1.956682
20.95092	1.956732
20.96665	1.95679
20.97715	1.956827
20.98426	1.95685
20.9965	1.956887
21.00338	1.956907
21.01461	1.956935
21.03888	1.956989
21.04944	1.957006
21.06096	1.957024
21.07216	1.957036
21.08027	1.957045
21.08956	1.957051
21.09725	1.957055
21.10512	1.957058
21.12081	1.95706
21.13266	1.957056
21.14138	1.957052
21.15069	1.957045
21.15904	1.957039
21.1671	1.957029
21.197	1.956986
21.20703	1.956967
21.22348	1.956933
21.23392	1.956908
21.24349	1.956884
21.25444	1.956854
21.26254	1.956831
21.27196	1.956802
21.28073	1.956775
21.29713	1.956721
21.30307	1.9567
21.31399	1.956661
21.32155	1.956634
21.34468	1.956546
21.35374	1.95651
21.36185	1.956477
21.37081	1.95644
21.37853	1.956409
21.38643	1.956376
21.39618	1.956335
21.40301	1.956306
21.41224	1.956266
21.41903	1.956237
21.42657	1.956204
21.43674	1.95616
21.4454	1.956123
21.45369	1.956087
21.4621	1.956051
21.47871	1.955979
21.49899	1.955894
21.51027	1.955847
21.51896	1.955811
21.52665	1.95578
21.53555	1.955745
21.54341	1.955714
21.55376	1.955674
21.56119	1.955646
21.57047	1.955612
21.5782	1.955584
21.58615	1.955556
21.59493	1.955526
21.60163	1.955503
21.61082	1.955473
21.61816	1.95545
21.62607	1.955426
21.64936	1.95536
21.66613	1.955317
21.67541	1.955295
21.68217	1.955279
21.69075	1.955261
21.69808	1.955246
21.70471	1.955234
21.71338	1.955218
21.72099	1.955205
21.73029	1.955191
21.73713	1.955181
21.74441	1.955172
21.75546	1.955159
21.76678	1.955149
21.7777	1.95514
21.79666	1.95513
21.80616	1.955127
21.81534	1.955125
21.823	1.955125
21.83848	1.955127
21.84629	1.95513
21.85522	1.955134
21.86318	1.955138
21.87189	1.955145
21.87931	1.95515
21.88667	1.955158
21.89652	1.955168
21.90327	1.955175
21.91292	1.955188
21.91949	1.955196
21.9278	1.955209
21.93812	1.955225
21.95945	1.955261
21.96841	1.955279
21.97972	1.955302
21.9953	1.955335
22.00563	1.955358
22.0207	1.955394
22.02999	1.955417
22.03684	1.955434
22.04592	1.955457
22.05439	1.955479
22.06156	1.955497
22.06987	1.95552
22.08542	1.955562
