0	0
0.02	3.449
0.3533334	3.437042
0.4536978	1.875561
0.4892308	1.238804
0.5032014	1.04219
0.5284334	0.9705397
0.5438926	0.852406
0.5548868	0.7862509
0.5630726	0.7430264
0.5730844	0.7123702
0.5821145	0.6779848
0.5948129	0.6480811
0.6026942	0.6111385
0.6132554	0.5896897
0.6202093	0.5647652
0.6336976	0.5484725
0.6493347	0.524281
0.6667619	0.5016643
0.6954638	0.4845449
0.7064928	0.4759642
0.7170131	0.4795727
0.7260115	0.4855956
0.7370468	0.4943046
0.7463086	0.5071526
0.7581065	0.5216067
0.7667693	0.5422077
0.7768885	0.5611517
0.782819	0.5845277
0.7945535	0.5997776
0.8030422	0.6333373
0.8155723	0.6592181
0.8276426	0.7016565
0.8712007	0.7463494
0.8901508	0.9350854
0.9052657	1.029813
0.9165757	1.110011
0.9259779	1.172635
0.9361385	1.226531
0.9431875	1.285908
0.9527974	1.327934
0.9595444	1.3866
0.9662721	1.427789
0.9765677	1.470194
0.9835333	1.535236
1.013201	1.579816
1.024963	1.773542
1.040005	1.851362
1.054194	1.951395
1.065044	2.045843
1.076336	2.117796
1.085599	2.192364
1.099734	2.25294
1.110032	2.344789
1.136356	2.410127
1.161248	2.573689
1.173389	2.720679
1.181616	2.788458
1.191901	2.833825
1.199879	2.88769
1.209516	2.929472
1.219379	2.976252
1.227485	3.024076
1.237325	3.060191
1.245887	3.103709
1.255033	3.138852
1.263092	3.17507
1.274026	3.205453
1.286207	3.243343
1.297725	3.282316
1.317214	3.316213
1.332678	3.364166
1.34251	3.394055
1.352546	3.4106
1.359881	3.423148
1.367692	3.432319
1.376365	3.437542
1.382572	3.44326
1.393105	3.44582
1.400203	3.446485
1.409949	3.446811
1.419057	3.441607
1.426414	3.436743
1.43581	3.429011
1.443176	3.418424
1.453123	3.408271
1.476336	3.391259
1.485112	3.342272
1.496415	3.319464
1.50295	3.28749
1.518624	3.267447
1.526269	3.214821
1.535045	3.186019
1.541632	3.152166
1.550294	3.12599
1.558492	3.0885
1.566185	3.053016
1.57696	3.017017
1.584512	2.965677
1.595145	2.927903
1.603351	2.873029
1.627284	2.829489
1.638433	2.695196
1.647769	2.630218
1.661108	2.573739
1.67644	2.492203
1.683185	2.39542
1.693928	2.352326
1.701011	2.282757
1.711645	2.236783
1.718474	2.166737
1.728479	2.121755
1.737829	2.055357
1.746906	1.993222
1.758955	1.932855
1.779086	1.85271
1.788917	1.719714
1.800846	1.655678
1.81469	1.578217
1.822033	1.490285
1.832776	1.444063
1.840592	1.378011
1.851005	1.33011
1.858835	1.268723
1.866904	1.222568
1.87823	1.177076
1.888791	1.113714
1.8989	1.057667
1.908775	1.004611
1.920135	0.9561921
1.94573	0.9010399
1.960748	0.7901309
1.970389	0.7307905
1.979591	0.6972072
1.986729	0.6651574
1.997479	0.6438022
2.00581	0.6119632
2.017284	0.5904607
2.026899	0.5627401
2.035952	0.5433979
2.04438	0.5266286
2.054996	0.5135515
2.064802	0.5000333
2.076297	0.4903782
2.096577	0.4825197
2.106766	0.4785134
2.123113	0.4816369
2.138076	0.4917594
2.146233	0.508189
2.155802	0.5207753
2.16329	0.5368539
2.172596	0.5513099
2.182032	0.5722455
2.193684	0.5945911
2.200248	0.6272153
2.210929	0.6457286
2.219616	0.6812773
2.228371	0.7101929
2.250975	0.7435215
2.261791	0.8352499
2.271146	0.8825452
2.285992	0.9268464
2.296106	0.9995357
2.303555	1.051463
2.315787	1.090978
2.322432	1.158159
2.332929	1.195416
2.340744	1.256333
2.349947	1.301883
2.357543	1.357728
2.364912	1.403826
2.375166	1.449606
2.382698	1.514061
2.404769	1.561857
2.418513	1.704847
2.427612	1.795142
2.43708	1.85541
2.44556	1.918224
2.454823	1.974543
2.464611	2.036096
2.474968	2.100924
2.481969	2.169268
2.493501	2.215264
2.501308	2.2902
2.510795	2.340734
2.518822	2.400938
2.527115	2.451879
2.536139	2.503097
2.55786	2.558573
2.567164	2.687688
2.581807	2.740472
2.591905	2.821928
2.600173	2.875091
2.610202	2.918552
2.617409	2.967518
2.627202	3.002698
2.635742	3.04747
2.644354	3.085556
2.653436	3.121969
2.661179	3.158312
2.671908	3.188721
2.678951	3.226395
2.686206	3.251125
2.707911	3.273381
2.716953	3.334041
2.724953	3.35619
2.733844	3.373
2.742059	3.389777
2.752186	3.404086
2.760136	3.417339
2.768703	3.427664
2.776572	3.43383
2.784101	3.439493
2.797507	3.442474
2.804573	3.444148
2.814442	3.442305
2.821336	3.437654
2.830794	3.433616
2.837643	3.423562
2.858529	3.416281
2.868261	3.383286
2.879117	3.362571
2.887086	3.338531
2.897479	3.316961
2.904268	3.288195
2.916599	3.267143
2.924374	3.226474
2.933444	3.198637
2.941393	3.164169
2.954502	3.133307
2.962478	3.077296
2.972215	3.042123
2.980139	2.996238
2.991267	2.958837
3.010775	2.901955
3.020265	2.798372
3.029792	2.746371
3.036724	2.691238
3.045273	2.651128
3.05479	2.600231
3.062759	2.542583
3.071884	2.493701
3.081324	2.436397
3.098401	2.376891
3.107486	2.266787
3.117223	2.207336
3.125989	2.143422
3.135963	2.085491
3.144105	2.019378
3.165849	1.96536
3.176745	1.821224
3.183471	1.749327
3.194267	1.705275
3.200348	1.635064
3.211566	1.595567
3.21821	1.524252
3.225407	1.482021
3.240201	1.437338
3.251973	1.346272
3.260373	1.27668
3.271584	1.227135
3.280575	1.164171
3.291654	1.113871
3.300122	1.055423
3.324737	1.010793
3.334069	0.8923596
3.34367	0.8506165
3.353585	0.809341
3.363708	0.7695047
3.379299	0.7306476
3.38785	0.6756309
3.399434	0.6495185
3.409591	0.6146348
3.420278	0.5892489
3.430832	0.5630211
3.440212	0.542877
3.451194	0.5250979
3.471948	0.5104695
3.482116	0.4898459
3.492322	0.4835321
3.500111	0.4819881
3.514245	0.4808759
3.522195	0.4871407
3.533205	0.4919619
3.542814	0.503348
3.551796	0.5149258
3.559063	0.5294461
3.567753	0.5411948
3.578704	0.5596492
3.585766	0.5835765
3.5982	0.6021835
3.60707	0.6362008
3.629564	0.6642113
3.639334	0.7424671
3.647109	0.7792755
3.659113	0.81194
3.66624	0.8628578
3.679717	0.8958207
3.686156	0.9588849
3.695613	0.991487
3.702716	1.03954
3.713272	1.076615
3.720395	1.13407
3.730798	1.172966
3.738519	1.232867
3.746643	1.277327
3.755278	1.325901
3.764021	1.377952
3.786255	1.431543
3.797765	1.571586
3.80441	1.645509
3.820925	1.688726
3.83098	1.796875
3.83815	1.863382
3.846651	1.910809
3.856699	1.96715
3.863792	2.033788
3.874355	2.080667
3.8812	2.150275
3.891614	2.195273
3.898542	2.262926
3.906417	2.307931
3.915734	2.358156
3.935438	2.417317
3.94629	2.539471
3.955237	2.604778
3.963182	2.657708
3.972114	2.703791
3.980856	2.754049
3.994283	2.80295
4.001886	2.87401
4.011686	2.913533
4.018567	2.961694
4.027054	2.995514
4.035532	3.034285
4.042943	3.072417
4.051501	3.104416
4.058875	3.139028
4.066191	3.16885
4.087992	3.195433
4.097989	3.268904
4.106449	3.299335
4.115027	3.321608
4.124465	3.343096
4.134139	3.364238
4.142297	3.383055
4.150255	3.397603
4.157137	3.408504
4.164362	3.417932
4.174012	3.42527
4.180823	3.432829
4.191347	3.437675
4.19829	3.439677
4.206569	3.440998
4.216458	3.438665
4.235425	3.434664
4.251524	3.417868
4.262886	3.39511
4.27236	3.375517
4.28003	3.355139
4.290974	3.338627
4.298294	3.309029
4.306641	3.28923
4.316178	3.263126
4.324318	3.232264
4.334964	3.203748
4.343864	3.163936
4.354028	3.128814
4.361891	3.08598
4.37182	3.052
4.391687	3.005761
4.404832	2.908537
4.415159	2.840276
4.422055	2.784286
4.432037	2.746238
4.439427	2.688923
4.447353	2.646489
4.457089	2.598956
4.464358	2.540381
4.475039	2.495654
4.482028	2.428967
4.493442	2.384972
4.500693	2.311731
4.511197	2.265118
4.518425	2.196441
4.526766	2.149177
4.548781	2.094168
4.566376	1.948534
4.576288	1.832191
4.583364	1.766875
4.59352	1.72055
4.600055	1.654531
4.609077	1.612056
4.616364	1.554676
4.624545	1.508337
4.633658	1.457181
4.64084	1.400974
4.650709	1.356885
4.658203	1.298398
4.666048	1.25399
4.676116	1.209256
4.682746	1.152508
4.707637	1.116058
4.722835	0.9869936
4.733261	0.9133459
4.741547	0.8663324
4.750786	0.8296701
4.762565	0.7921748
4.771616	0.7456145
4.779272	0.7132635
4.786718	0.6858999
4.79661	0.6627353
4.804079	0.632457
4.814329	0.6117952
4.822272	0.5859442
4.832285	0.56718
4.840374	0.5475267
4.868766	0.531865
4.879128	0.4975564
4.885836	0.4892267
4.896016	0.4872853
4.903734	0.4851202
4.913799	0.4856939
4.92055	0.4895236
4.930932	0.4924169
4.937649	0.5024931
4.946707	0.5090129
4.956697	0.5217104
4.963283	0.5372247
4.973992	0.5493226
4.980873	0.5720565
4.991884	0.5871462
5.011131	0.6165893
5.02149	0.6739578
5.03786	0.7078987
5.045511	0.7685986
5.055456	0.7995918
5.062942	0.8411978
5.075856	0.8738124
5.084271	0.9335288
5.094646	0.9741657
5.102442	1.026334
5.11232	1.066427
5.120442	1.119711
5.130443	1.163657
5.138049	1.220789
5.147758	1.264237
5.17185	1.321822
5.182835	1.468726
5.196887	1.537479
5.203791	1.627277
5.215184	1.671871
5.221805	1.746125
5.232863	1.789407
5.239967	1.862307
5.247045	1.909132
5.257229	1.955948
5.264495	2.023314
5.274133	2.071218
5.280755	2.134623
5.290019	2.178125
5.296421	2.238253
5.303288	2.279806
5.324979	2.323917
5.335123	2.460735
5.342868	2.523255
5.351108	2.570324
5.358315	2.619164
5.365261	2.661887
5.381928	2.701566
5.397135	2.795001
5.405833	2.875824
5.416973	2.919885
5.424687	2.974946
5.433388	3.011146
5.440517	3.050568
5.448302	3.082638
5.456279	3.114418
5.476435	3.146986
5.485814	3.221361
5.495524	3.25217
5.502985	3.282184
5.511815	3.303646
5.519513	3.326207
5.527932	3.345878
5.535994	3.36298
5.543872	3.379098
5.553515	3.392631
5.561472	3.406389
5.570405	3.416882
5.577921	3.424409
5.585655	3.430743
5.594676	3.433918
5.601309	3.436189
5.615201	3.437081
5.635502	3.432333
5.645777	3.416241
5.655397	3.403304
5.663894	3.388742
5.674383	3.373658
5.681258	3.351792
5.692516	3.336765
5.699267	3.307055
5.707887	3.28924
5.717183	3.262294
5.725379	3.232818
5.734555	3.204093
5.742853	3.170328
5.753575	3.138436
5.763837	3.093868
5.77858	3.049511
5.79773	2.981675
5.80897	2.886379
5.818481	2.826825
5.82632	2.77573
5.836154	2.731568
5.843732	2.675559
5.853355	2.631353
5.861692	2.573853
5.872484	2.523651
5.880121	2.456672
5.890664	2.40925
5.898448	2.341894
5.906895	2.292156
5.920372	2.237317
5.930693	2.149472
5.950171	2.081456
5.961233	1.952854
5.971041	1.879735
5.979113	1.815173
5.986512	1.762038
5.996319	1.713875
6.004059	1.650137
6.01358	1.600381
6.020664	1.539791
6.031128	1.494836
6.038632	1.430199
6.046861	1.383843
6.060539	1.33463
6.070614	1.253527
6.078426	1.196531
6.08605	1.152342
6.109302	1.111215
6.118808	0.9908261
6.1277	0.9437354
6.139944	0.9028664
6.147343	0.847274
6.158425	0.8169554
6.165381	0.7715836
6.176473	0.7456886
6.191932	0.7055978
6.201835	0.6558066
6.213476	0.6260417
6.221584	0.5961291
6.231406	0.5761766
6.240858	0.5564007
6.2644	0.5378615
6.274848	0.5064672
6.281898	0.4974874
6.29177	0.492546
6.297739	0.4898786
6.304338	0.4882658
6.312977	0.4890498
6.319028	0.4918284
6.326427	0.4937742
6.340267	0.4999411
6.34963	0.5127019
6.357141	0.5266789
6.364274	0.5378917
6.373429	0.5509695
6.379961	0.5698375
6.387505	0.5833009
6.396452	0.6029817
6.414848	0.6263512
6.424594	0.6822842
6.433535	0.7152358
6.440971	0.7478507
6.449694	0.7754402
6.457562	0.8114284
6.463932	0.8438901
6.473653	0.8719106
6.480762	0.9163193
6.494299	0.9491014
6.500697	1.016455
6.511137	1.048541
6.518419	1.104333
6.52596	1.143245
6.535131	1.185468
6.542724	1.237429
6.551607	1.28121
6.571271	1.334012
6.582406	1.453498
6.593445	1.522695
6.600395	1.59287
6.611249	1.637106
6.618368	1.707535
6.626645	1.753732
6.640438	1.807968
6.6504	1.89859
6.657916	1.96431
6.665184	2.013894
6.675786	2.061717
6.682607	2.131398
6.692006	2.176005
6.698939	2.237001
6.707728	2.281998
6.73089	2.337994
6.741781	2.483162
6.750782	2.549936
6.761017	2.603395
6.771674	2.663893
6.780597	2.724213
6.797643	2.774526
6.806196	2.865494
6.815024	2.908866
6.823265	2.952739
6.832074	2.992367
6.839643	3.032562
6.847014	3.067101
6.856439	3.097624
6.863893	3.136445
6.885789	3.165296
6.895244	3.242119
6.901702	3.271771
6.9119	3.291119
6.918706	3.317678
6.927572	3.335405
6.936178	3.35431
6.9448	3.371965
6.953881	3.386922
6.962112	3.400383
6.971024	3.411354
6.978933	3.41938
6.986023	3.426504
6.995707	3.429342
7.003408	3.43236
7.012389	3.432742
7.019401	3.430226
7.040151	3.428261
7.058151	3.410482
7.065619	3.384402
7.075169	3.370374
7.082192	3.351089
7.091682	3.335689
7.099777	3.311261
7.10858	3.290424
7.117616	3.263193
7.125501	3.235115
7.137011	3.207811
7.145522	3.166181
7.159464	3.132756
7.167049	3.07565
7.177658	3.041435
7.1978	2.993241
7.208513	2.894402
7.223118	2.838178
7.232244	2.759398
7.240595	2.707822
7.250118	2.660462
7.257544	2.603951
7.264094	2.559881
7.276478	2.520046
7.28319	2.44363
7.293604	2.401615
7.300934	2.33541
7.311254	2.288684
7.317312	2.221714
7.325325	2.182399
7.334659	2.129978
7.354123	2.068658
7.367556	1.940396
7.37933	1.851971
7.386784	1.774589
7.39967	1.726128
7.40919	1.642439
7.421552	1.581809
7.432081	1.503408
7.441262	1.438302
7.453565	1.381818
7.462908	1.308577
7.475567	1.253769
7.484911	1.181939
7.514342	1.130514
7.532826	0.9783453
7.546043	0.8914958
7.5585	0.8337196
7.567185	0.7822465
7.579864	0.7497797
7.588322	0.703419
7.600163	0.6766999
7.61208	0.6394772
7.61933	0.6082593
7.628121	0.5892666
7.636299	0.5707277
7.656519	0.5538266
7.665252	0.5214209
7.678072	0.5113834
7.684456	0.4996123
7.694521	0.4963726
7.701153	0.4930518
7.711867	0.4915447
7.718396	0.4943351
7.725807	0.4960355
7.735173	0.5013818
7.744116	0.5093306
7.756297	0.519311
7.764324	0.5367202
7.773592	0.5506548
7.779871	0.5691769
7.787026	0.5817242
7.80909	0.5999169
7.818059	0.6610673
7.825717	0.6887286
7.834837	0.7152433
7.843081	0.7479879
7.856676	0.7790648
7.863552	0.8343942
7.873453	0.8639593
7.879878	0.908657
7.8867	0.9376631
7.896739	0.9712095
7.903645	1.020649
7.912876	1.056015
7.919104	1.104906
7.926733	1.13789
7.935688	1.180488
7.943487	1.230835
7.964459	1.275665
7.974794	1.400525
7.982038	1.46397
7.995734	1.508825
8.002534	1.59546
8.012898	1.638819
8.019515	1.705795
8.027405	1.748549
8.036965	1.800168
8.045118	1.862763
8.05545	1.91631
8.063011	1.9843
8.073586	2.033995
8.081013	2.103371
8.091441	2.152026
8.097958	2.219639
8.11728	2.261885
8.127872	2.384938
8.137436	2.450823
8.145205	2.509868
8.158786	2.556671
8.16596	2.637462
8.178751	2.678519
8.187221	2.751123
8.196079	2.796902
8.203047	2.844363
8.211795	2.880591
8.219199	2.924301
8.22727	2.961294
8.236391	2.998693
8.244176	3.040599
8.252319	3.07453
8.271405	3.108367
8.281414	3.182283
8.292128	3.218434
8.299737	3.252508
8.308352	3.276707
8.317179	3.299695
8.325905	3.323108
8.334695	3.343009
8.342206	3.361496
8.350186	3.37604
8.358532	3.388302
8.367571	3.401124
8.378705	3.410627
8.385932	3.421285
8.395842	3.424722
8.40206	3.428391
8.417841	3.429478
8.43696	3.426005
8.447343	3.411817
8.457747	3.399161
8.465241	3.384713
8.475276	3.371315
8.482197	3.351655
8.492038	3.33688
8.49928	3.312141
8.507785	3.293935
8.517071	3.268398
8.524433	3.240098
8.532941	3.215395
8.539752	3.185119
8.548409	3.160883
8.560678	3.126035
8.570012	3.076177
8.590251	3.034279
8.607499	2.939186
8.616857	2.851825
8.624561	2.80246
8.634121	2.760305
8.642715	2.706715
8.65285	2.657751
8.66045	2.59803
8.670503	2.55314
8.678723	2.491483
8.685883	2.441066
8.695658	2.396028
8.702852	2.334206
8.712928	2.288313
8.71978	2.223215
8.727826	2.178941
8.750466	2.126284
8.767511	1.977732
8.785282	1.86574
8.795891	1.749558
8.80296	1.680738
8.813339	1.635246
8.820133	1.569204
8.830416	1.525998
8.837379	1.462376
8.845542	1.419289
8.856269	1.370033
8.863724	1.306079
8.874119	1.262648
8.881229	1.203509
8.903671	1.163451
8.917819	1.044279
8.925926	0.973438
8.935553	0.9352356
8.943368	0.8909181
8.952182	0.8564129
8.960336	0.8196867
8.970298	0.7858666
8.977946	0.7490487
8.985572	0.720783
8.996134	0.6953933
9.003415	0.6616498
9.013807	0.6401917
9.020863	0.6124756
9.032749	0.5941337
9.056953	0.5689647
9.069892	0.52729
9.08067	0.512919
9.091343	0.5028071
9.098073	0.4986607
9.106606	0.496046
9.115636	0.49662
9.123736	0.4984279
9.133402	0.5022433
9.141454	0.5098536
9.150299	0.517036
9.159336	0.5291318
9.166216	0.5414901
9.175879	0.5544375
9.182625	0.5731546
9.210693	0.5876769
9.224973	0.6632752
9.234317	0.7089805
9.242146	0.7419988
9.251365	0.7706963
9.259212	0.807707
9.266809	0.8392127
9.276239	0.8727571
9.283115	0.9148277
9.294019	0.9467899
9.302288	0.9999314
9.312517	1.041093
9.319126	1.094779
9.326635	1.129467
9.337056	1.171092
9.356718	1.229267
9.372729	1.343796
9.383232	1.440783
9.393847	1.505541
9.402299	1.572392
9.414337	1.625937
9.422886	1.703448
9.435022	1.758744
9.443622	1.83798
9.456359	1.894259
9.464628	1.977892
9.475791	2.032127
9.483997	2.105264
9.495344	2.158743
9.519262	2.232261
9.530395	2.384852
9.540668	2.453781
9.550083	2.51712
9.558364	2.573241
9.567142	2.622597
9.57671	2.673008
9.584878	2.727469
9.59586	2.772432
9.603586	2.831504
9.613798	2.871782
9.622721	2.923061
9.632397	2.966787
9.640235	3.011533
9.652538	3.047673
9.676994	3.099219
9.686908	3.193712
9.698043	3.227156
9.706985	3.263035
9.720243	3.288186
9.72949	3.323815
9.737562	3.343708
9.74618	3.361071
9.75623	3.376121
9.764698	3.392072
9.775846	3.4028
9.783098	3.414061
9.793742	3.419573
9.801402	3.424095
9.810942	3.426523
9.831646	3.424959
9.843295	3.414719
9.853759	3.404048
9.862033	3.3901
9.872569	3.377912
9.88016	3.357862
9.890523	3.343328
9.898119	3.317856
9.906433	3.299182
9.920953	3.275308
9.930616	3.231365
9.939565	3.197496
9.946752	3.166133
9.957296	3.137686
9.965214	3.095643
9.988903	3.06172
9.997759	2.952859
10.0063	2.909858
10.0158	2.866018
10.02405	2.816343
10.03254	2.771823
10.04126	2.724578
10.05225	2.675676
10.06001	2.611327
10.07404	2.565915
10.08138	2.480291
10.09294	2.435237
10.09975	2.36249
10.10771	2.319594
10.11891	2.268446
10.14253	2.196349
10.15663	2.042195
10.16387	1.94963
10.17475	1.902196
10.182	1.830953
10.19414	1.783566
10.20204	1.704868
10.22506	1.653917
10.23396	1.508337
10.24192	1.453192
10.25123	1.404316
10.25865	1.348736
10.26592	1.304391
10.27978	1.262598
10.30066	1.183555
10.31279	1.071161
10.32314	1.010138
10.3346	0.9593042
10.3423	0.9061899
10.35141	0.8715284
10.35876	0.8332738
10.36567	0.8023942
10.37851	0.7759972
10.3852	0.7280784
10.39617	0.7056826
10.40354	0.6701691
10.41496	0.648186
10.42242	0.6172243
10.43126	0.5983166
10.44952	0.579179
10.46043	0.5449751
10.46971	0.5277295
10.47732	0.5182031
10.48524	0.5103765
10.49433	0.5053011
10.50115	0.5012717
10.51708	0.4989237
10.52435	0.5012182
10.53404	0.5048174
10.54189	0.5118861
10.55201	0.518709
10.55963	0.5319725
10.56732	0.5419486
10.57643	0.5562005
10.58317	0.5733213
10.60597	0.5877336
10.61585	0.6463949
10.62359	0.6756784
10.63232	0.7004689
10.63921	0.7308183
10.64566	0.7547877
10.65572	0.7799613
10.66296	0.8197829
10.67303	0.8498217
10.67934	0.8942652
10.68654	0.9220871
10.70114	0.956576
10.70964	1.027469
10.7159	1.071724
10.72383	1.104336
10.73326	1.146888
10.75354	1.199176
10.76482	1.315488
10.7754	1.38239
10.78136	1.446696
10.79167	1.483174
10.79862	1.5478
10.8071	1.591331
10.81676	1.645514
10.82411	1.707511
10.83381	1.755066
10.84083	1.818168
10.85387	1.86394
10.86222	1.949376
10.87246	2.004025
10.87938	2.071035
10.88662	2.116287
10.90881	2.163268
10.91864	2.305964
10.9273	2.368503
10.93726	2.422341
10.94509	2.483999
10.95364	2.531397
10.96081	2.582515
10.96935	2.625129
10.97734	2.67393
10.98532	2.719522
10.99481	2.763479
11.00179	2.81474
11.01009	2.851871
11.01662	2.893748
11.02439	2.926758
11.0336	2.964294
11.04134	3.007168
11.06685	3.042644
11.07691	3.147284
11.08392	3.185131
11.09362	3.209538
11.1005	3.241224
11.11064	3.263448
11.11826	3.291265
11.12639	3.312192
11.1355	3.331015
11.14409	3.351065
11.15268	3.367673
11.16058	3.381758
11.16963	3.39436
11.17745	3.403992
11.18606	3.412307
11.19678	3.417926
11.22581	3.423066
11.23922	3.418401
11.24656	3.409073
11.25614	3.400158
11.26299	3.387914
11.27623	3.377465
11.28281	3.352997
11.29191	3.339282
11.29855	3.317394
11.3063	3.301443
11.3159	3.279433
11.32317	3.251215
11.3324	3.228232
11.33945	3.196352
11.34816	3.172004
11.3723	3.13796
11.38138	3.037328
11.39174	2.996871
11.39788	2.947058
11.40598	2.917487
11.41428	2.876235
11.42061	2.833179
11.43518	2.800113
11.44355	2.719579
11.4536	2.672266
11.46152	2.613774
11.47198	2.567276
11.47901	2.503806
11.48654	2.461128
11.49559	2.414084
11.50315	2.357377
11.52509	2.309503
11.53441	2.168241
11.54195	2.107586
11.55155	2.058375
11.55963	1.995517
11.56709	1.942568
11.57792	1.893715
11.58498	1.822884
11.60177	1.776995
11.61201	1.66835
11.619	1.603175
11.62827	1.558635
11.639	1.500974
11.64618	1.43442
11.65669	1.391265
11.6772	1.328308
11.68799	1.210053
11.69723	1.150806
11.70502	1.100755
11.71507	1.060368
11.72274	1.009494
11.73269	0.9717533
11.74131	0.9253554
11.75985	0.8856615
11.76772	0.8071133
11.7782	0.7773238
11.78529	0.7377858
11.79568	0.7136503
11.80225	0.6795459
11.81256	0.6591766
11.83074	0.6307393
11.84015	0.586408
11.84844	0.5656295
11.85536	0.5519068
11.86176	0.5404409
11.87029	0.5308594
11.87849	0.5216276
11.88666	0.5127576
11.89628	0.5078027
11.90374	0.5030012
11.91674	0.5014681
11.92488	0.5026012
11.93378	0.506165
11.94115	0.5121567
11.95089	0.5177824
11.9577	0.5299851
11.96545	0.538505
11.98824	0.551313
11.99836	0.5974048
12.00662	0.6214665
12.0157	0.644656
12.02367	0.6711301
12.03366	0.6962321
12.04115	0.7304643
12.04958	0.7567027
12.05794	0.7896847
12.06515	0.8223816
12.07514	0.8529657
12.08228	0.8965923
12.09928	0.9287137
12.11003	1.010062
12.12401	1.065343
12.14588	1.138931
12.15658	1.261057
12.1637	1.323115
12.17494	1.365335
12.1827	1.433254
12.19507	1.480695
12.20365	1.557966
12.21344	1.612099
12.22182	1.67471
12.2317	1.728485
12.24409	1.792614
12.25753	1.873292
12.26443	1.961199
12.27574	2.006351
12.29626	2.080225
12.30739	2.213437
12.31692	2.284734
12.32429	2.34538
12.33268	2.391608
12.34019	2.443638
12.34848	2.490147
12.35654	2.539797
12.36434	2.588041
12.37438	2.633643
12.38247	2.691196
12.39157	2.736798
12.39818	2.786198
12.40596	2.822099
12.41355	2.862223
12.42056	2.90076
12.43302	2.93614
12.45133	2.994594
12.46027	3.075596
12.46823	3.113568
12.4768	3.143817
12.4842	3.176411
12.49385	3.202482
12.50095	3.234411
12.51086	3.257391
12.51735	3.285065
12.52541	3.303161
12.53468	3.322715
12.54226	3.343571
12.55162	3.359347
12.55963	3.375169
12.56713	3.3887
12.57662	3.397273
12.58411	3.407869
12.60584	3.413826
12.61513	3.421985
12.62344	3.421485
12.63234	3.419022
12.64065	3.413316
12.65537	3.407623
12.66226	3.389632
12.67256	3.379928
12.67975	3.361467
12.68742	3.348597
12.6973	3.330724
12.70509	3.307524
12.71462	3.286492
12.72248	3.259004
12.73197	3.235041
12.74022	3.202762
12.76454	3.174609
12.77544	3.077992
12.78282	3.030643
12.79343	2.997398
12.80017	2.946821
12.81616	2.914678
12.82424	2.832348
12.83365	2.789282
12.84253	2.737658
12.85209	2.688127
12.85981	2.632803
12.86709	2.588152
12.87661	2.544215
12.88326	2.486768
12.89287	2.445888
12.91221	2.385901
12.92284	2.263322
12.93245	2.195055
12.94093	2.132648
12.95063	2.077553
12.95881	2.014086
12.96659	1.96055
12.9806	1.909738
12.9905	1.818153
12.99839	1.754019
13.00648	1.70287
13.01604	1.651174
13.02393	1.590271
13.03349	1.540663
13.04141	1.481286
13.05155	1.432405
13.07201	1.371514
13.08198	1.251881
13.0926	1.195235
13.09919	1.137473
13.10825	1.101649
13.12286	1.055262
13.13244	0.9820412
13.14028	0.9370347
13.15029	0.9003187
13.15871	0.8575132
13.16601	0.8215274
13.17623	0.7931045
13.1834	0.7541117
13.19387	0.7284397
13.20179	0.6936068
13.22462	0.6682193
13.23428	0.606627
13.24193	0.5847418
13.25801	0.5684808
13.26518	0.5410045
13.27597	0.5317274
13.28268	0.5194595
13.29205	0.5133938
13.29856	0.5081893
13.30576	0.5045732
13.31478	0.5039461
13.32236	0.5042155
13.33152	0.5058221
13.33876	0.5114541
13.3461	0.5159056
13.35632	0.5239573
13.3754	0.536169
13.38425	0.567736
13.39484	0.5857021
13.40233	0.6102678
13.422	0.6288849
13.43278	0.6860875
13.43954	0.7224298
13.44583	0.7452378
13.45532	0.7692696
13.46178	0.8058869
13.47221	0.831629
13.47942	0.8766382
13.48782	0.9077337
13.49767	0.9472707
13.50507	0.9939513
13.51447	1.030924
13.53372	1.079066
13.54471	1.182336
13.55563	1.243754
13.56311	1.306672
13.57852	1.350533
13.58568	1.443218
13.5957	1.487387
13.60243	1.54968
13.61193	1.591883
13.61813	1.652408
13.62585	1.691905
13.63527	1.741696
13.64315	1.802673
13.65285	1.853901
13.65995	1.917203
13.6675	1.963552
13.689	2.012844
13.69887	2.152733
13.7061	2.216603
13.71535	2.262775
13.72318	2.321672
13.73628	2.371023
13.74468	2.452324
13.75455	2.503547
13.76265	2.562753
13.7735	2.610753
13.78089	2.673133
13.78962	2.715348
13.79713	2.762912
13.80547	2.803836
13.81461	2.847413
13.82303	2.894125
13.84393	2.93595
13.85276	3.032972
13.86097	3.07098
13.86998	3.105812
13.87751	3.140451
13.88521	3.169404
13.89517	3.196421
13.90252	3.229843
13.91166	3.253204
13.91866	3.279163
13.92717	3.299049
13.93577	3.319343
13.94359	3.339147
13.95444	3.355139
13.96153	3.374067
13.97085	3.385564
13.98249	3.396507
14.00471	3.408714
14.01504	3.419121
14.02397	3.419191
14.03392	3.416927
14.042	3.411162
14.05136	3.405324
14.05894	3.394459
14.06582	3.385667
14.07519	3.374358
14.08139	3.358122
14.09167	3.346608
14.09874	3.323093
14.10716	3.306888
14.11719	3.283771
14.12541	3.255413
14.13483	3.229383
14.15494	3.197867
14.16864	3.123351
14.17872	3.066863
14.18622	3.023604
14.19717	2.988775
14.20502	2.937172
14.21485	2.898167
14.22185	2.848053
14.23019	2.811725
14.2385	2.766259
14.24535	2.721028
14.25592	2.682123
14.26326	2.621331
14.27408	2.578336
14.2815	2.513342
14.29136	2.468481
14.30939	2.407236
14.32373	2.293691
14.33353	2.202016
14.34154	2.138528
14.35112	2.086646
14.35911	2.024099
14.36696	1.971965
14.37707	1.920709
14.38415	1.854721
14.39376	1.808728
14.40029	1.746502
14.4107	1.704259
14.4177	1.637926
14.42513	1.593342
14.43799	1.546805
14.44689	1.466816
14.46827	1.412902
14.4848	1.286474
14.49445	1.192721
14.5013	1.140049
14.51227	1.103077
14.51967	1.046954
14.5288	1.0091
14.53868	0.9657699
14.54538	0.919014
14.55502	0.8896065
14.56157	0.8480449
14.57224	0.8205018
14.57934	0.7793667
14.5872	0.7520092
14.59622	0.7251911
14.60396	0.6947866
14.6258	0.6707345
14.64273	0.6114917
14.65211	0.573775
14.66175	0.5572433
14.67236	0.5412416
14.6795	0.528581
14.68775	0.520064
14.69696	0.5147058
14.70508	0.5090489
14.71447	0.5070269
14.72264	0.5067426
14.73257	0.5080364
14.7401	0.5135382
14.74968	0.5177633
14.75839	0.5286199
14.77888	0.538501
14.78932	0.5724848
14.79798	0.5954325
14.80627	0.6150023
14.82049	0.6370835
14.83002	0.6771173
14.83774	0.7086872
14.84518	0.7342635
14.85432	0.7614427
14.86201	0.7961818
14.87144	0.8263526
14.87842	0.8665502
14.88554	0.8962691
14.89495	0.9289607
14.90195	0.9730414
14.91204	1.006561
14.93155	1.057753
14.94187	1.1607
14.95123	1.217192
14.9599	1.270758
14.96719	1.320318
14.98295	1.363865
14.99313	1.458628
15.00037	1.521612
15.01011	1.56643
15.01739	1.628184
15.02585	1.674372
15.03546	1.728686
15.04343	1.790727
15.05273	1.842305
15.05984	1.902865
15.06816	1.949164
15.09122	2.003348
15.10229	2.153146
15.1134	2.224524
15.12151	2.295227
15.13111	2.346626
15.13884	2.406288
15.14573	2.454301
15.15937	2.495953
15.16675	2.578007
15.17581	2.620708
15.18288	2.67294
15.19267	2.71287
15.19887	2.766466
15.20747	2.800354
15.21649	2.844901
15.22466	2.8912
15.24539	2.931397
15.25509	3.027708
15.26218	3.069773
15.2724	3.099523
15.2794	3.139213
15.28898	3.166433
15.30017	3.199267
15.30956	3.237238
15.31621	3.264368
15.32379	3.283563
15.33293	3.303439
15.34087	3.324958
15.34969	3.343162
15.35709	3.359042
15.36485	3.372348
15.37535	3.383563
15.39488	3.396486
15.40733	3.411919
15.41601	3.415758
15.42386	3.416349
15.43847	3.414625
15.44564	3.407075
15.4569	3.400095
15.46564	3.38774
15.47627	3.374919
15.48357	3.35718
15.49323	3.343016
15.50025	3.321512
15.50945	3.305746
15.51676	3.280278
15.52457	3.260038
15.53391	3.236061
15.55499	3.20537
15.56464	3.128787
15.57468	3.090198
15.58105	3.047666
15.598	3.020213
15.60923	2.941153
15.62234	2.885195
15.63122	2.818122
15.63996	2.770185
15.64743	2.722964
15.65762	2.680331
15.66527	2.622208
15.67607	2.577144
15.68367	2.512693
15.69391	2.466581
15.71384	2.403294
15.72479	2.27782
15.73395	2.207794
15.74185	2.148665
15.75861	2.097553
15.76574	1.988408
15.7762	1.941911
15.78329	1.873686
15.79351	1.827635
15.80097	1.76148
15.81086	1.713292
15.81826	1.650266
15.82676	1.603073
15.83626	1.549877
15.84414	1.49073
15.86634	1.442551
15.8764	1.310291
15.88334	1.252182
15.89918	1.213078
15.90729	1.126203
15.91653	1.084193
15.92479	1.036669
15.9347	0.9959788
15.94275	0.9488028
15.95231	0.9115854
15.9602	0.8699798
15.97025	0.8357565
15.9776	0.7965873
15.98487	0.7679295
15.99509	0.7419772
16.01424	0.7070466
16.02533	0.648923
16.03444	0.6195651
16.04272	0.5979848
16.05795	0.5798612
16.06367	0.5521839
16.07377	0.5438718
16.08113	0.5312436
16.09105	0.5227042
16.09809	0.5160329
16.10637	0.511299
16.11617	0.5094455
16.12395	0.5085669
16.13318	0.510175
16.14038	0.5147325
16.14992	0.5185034
16.17055	0.5287493
16.18062	0.5569055
16.19489	0.5738094
16.20179	0.6051632
16.21233	0.6212855
16.22084	0.6501387
16.23033	0.6738741
16.2381	0.7047498
16.24574	0.7300444
16.25567	0.7577167
16.26277	0.7948938
16.27262	0.8227698
16.27929	0.8642119
16.28778	0.8922579
16.29747	0.9312775
16.30863	0.9761921
16.33146	1.03126
16.34197	1.149971
16.35578	1.207095
16.36301	1.285493
16.3734	1.327366
16.38064	1.38905
16.39074	1.432242
16.39803	1.494344
16.40602	1.539232
16.41501	1.589388
16.42198	1.646176
16.43113	1.690458
16.43928	1.749269
16.44678	1.801695
16.45717	1.850367
16.46487	1.917892
16.48793	1.967949
16.50301	2.117683
16.51643	2.214918
16.52486	2.300447
16.5348	2.353422
16.54261	2.415318
16.55148	2.463407
16.55877	2.51691
16.56635	2.560898
16.5756	2.605121
16.58315	2.658628
16.59221	2.701414
16.59947	2.75129
16.60744	2.791196
16.61647	2.832599
16.63684	2.879241
16.64605	2.978217
16.65575	3.019869
16.66235	3.06235
16.67197	3.090183
16.6792	3.128018
16.68811	3.156417
16.69689	3.187566
16.70488	3.217864
16.71396	3.242968
16.72166	3.269672
16.73038	3.29147
16.73826	3.312473
16.74632	3.33147
16.75682	3.347429
16.76392	3.366944
16.77696	3.377913
16.79633	3.394771
16.80665	3.410374
16.81496	3.413877
16.82264	3.414973
16.83161	3.414442
16.83942	3.410379
16.8471	3.406846
16.85717	3.399249
16.86473	3.388849
16.87446	3.378328
16.88106	3.362727
16.89047	3.351534
16.8973	3.331163
16.90524	3.316375
16.91495	3.296355
16.92247	3.270055
16.9316	3.248416
16.95127	3.218948
16.96746	3.149928
16.978	3.086226
16.98525	3.042121
16.99523	3.009517
17.00278	2.963474
17.01269	2.92751
17.02048	2.877924
17.02987	2.838739
17.03785	2.788431
17.04525	2.745628
17.05533	2.704337
17.06273	2.647197
17.07256	2.604549
17.07943	2.546177
17.08809	2.505415
17.10998	2.452207
17.12666	2.315838
17.13627	2.209575
17.14436	2.147708
17.15542	2.095305
17.16264	2.023408
17.17323	1.976431
17.1805	1.907451
17.19148	1.860119
17.1985	1.788999
17.20775	1.743567
17.21716	1.684439
17.22532	1.624397
17.23534	1.573058
17.24256	1.510541
17.26437	1.466012
17.28044	1.335243
17.28977	1.242154
17.29648	1.19073
17.30492	1.153738
17.315	1.108873
17.32398	1.056682
17.33368	1.011655
17.34125	0.9651005
17.35084	0.9292393
17.35835	0.8871111
17.36581	0.8541309
17.37541	0.8239782
17.38236	0.7861219
17.39264	0.759798
17.39968	0.7241939
17.42237	0.6997885
17.44116	0.6337513
17.45105	0.5887843
17.45983	0.5702169
17.46731	0.5537316
17.47763	0.5438179
17.48476	0.5302748
17.49388	0.523665
17.50025	0.5169607
17.50985	0.5124151
17.51739	0.5109354
17.52588	0.5097722
17.53862	0.5118911
17.5453	0.5173565
17.55506	0.5232903
17.57458	0.5331333
17.58402	0.5611492
17.59971	0.5783065
17.60759	0.6118525
17.61719	0.6328
17.62541	0.6584855
17.63403	0.683306
17.64099	0.7108799
17.65093	0.7336223
17.66036	0.7703028
17.67214	0.8052759
17.68165	0.8542066
17.69236	0.8944086
17.70024	0.9435028
17.71333	0.9797601
17.73422	1.044891
17.74463	1.15396
17.75657	1.210882
17.76685	1.278301
17.78415	1.338075
17.79637	1.441237
17.80537	1.516078
17.81422	1.572108
17.82255	1.627818
17.83304	1.680588
17.84132	1.747833
17.85116	1.801072
17.85811	1.864865
17.86549	1.90993
17.88756	1.957862
17.89692	2.101091
17.90509	2.161601
17.91391	2.213992
17.92189	2.270255
17.93832	2.32089
17.94514	2.423464
17.95544	2.465045
17.96276	2.527405
17.97189	2.571041
17.97827	2.624172
17.98652	2.661263
17.995	2.707402
18.00326	2.754357
18.0116	2.79898
18.01996	2.842379
18.04038	2.885881
18.05022	2.984482
18.05787	3.028038
18.06561	3.061918
18.07561	3.09366
18.08272	3.133472
18.09274	3.160474
18.09992	3.195597
18.10878	3.220764
18.11805	3.247371
18.1267	3.275173
18.13615	3.297563
18.14398	3.320899
18.15377	3.338046
18.16094	3.356858
18.17102	3.370092
18.18943	3.383752
18.19781	3.403259
18.20602	3.409791
18.21866	3.412675
18.22698	3.415158
18.23805	3.412709
18.24512	3.408413
18.2554	3.402695
18.26268	3.392731
18.27284	3.384133
18.27982	3.36846
18.28802	3.357689
18.2975	3.340545
18.30504	3.320586
18.31581	3.301996
18.32369	3.273473
18.35452	3.250663
18.36294	3.145657
18.37279	3.11342
18.37989	3.072647
18.38833	3.043287
18.40552	3.004735
18.41441	2.924012
18.42245	2.879851
18.43138	2.839026
18.43916	2.791487
18.44634	2.750073
18.45687	2.70984
18.46363	2.650474
18.47294	2.611408
18.479	2.556393
18.49904	2.520583
18.51014	2.397902
18.52183	2.328071
18.53155	2.254101
18.53991	2.191595
18.54803	2.137869
18.56029	2.085135
18.57784	2.005481
18.58543	1.891137
18.59549	1.841936
18.60496	1.776754
18.61514	1.71584
18.62291	1.650749
18.63273	1.601494
18.65269	1.540082
18.66311	1.417619
18.6738	1.355168
18.68021	1.292869
18.69035	1.255605
18.697	1.199403
18.7054	1.162496
18.71488	1.117735
18.72358	1.068302
18.73988	1.024274
18.74724	0.945303
18.75893	0.9126408
18.76666	0.8607597
18.77826	0.8294351
18.78703	0.7830768
18.80889	0.7514048
18.82067	0.679012
18.82949	0.6438671
18.8368	0.6219469
18.84321	0.6037982
18.85229	0.5896397
18.8607	0.5720529
18.87104	0.5561559
18.87765	0.5419658
18.8853	0.5328979
18.8955	0.5254428
18.90211	0.5173052
18.91531	0.5132637
18.92354	0.5104062
18.93235	0.510691
18.94021	0.5139225
18.96191	0.5169266
18.97229	0.5385672
18.9787	0.554332
18.98772	0.5640818
18.99749	0.5821163
19.00554	0.6024229
19.01479	0.6221713
19.02245	0.6464244
19.03124	0.6677778
19.0382	0.6954097
19.04524	0.7172826
19.05405	0.7420287
19.06211	0.7740815
19.07268	0.8043837
19.08004	0.8477796
19.09882	0.8780122
19.12374	0.9632632
19.13799	1.087149
19.14549	1.162672
19.15618	1.204078
19.16382	1.26407
19.17432	1.307965
19.18121	1.369681
19.19242	1.410453
19.19922	1.478866
19.2081	1.52037
19.21772	1.576014
19.22597	1.636385
19.23644	1.688933
19.24381	1.755962
19.25765	1.803455
19.27716	1.893106
19.28806	2.019857
19.29665	2.090482
19.30443	2.146045
19.31469	2.196016
19.32239	2.261602
19.33196	2.310444
19.33933	2.370351
19.35136	2.41644
19.36058	2.489675
19.37017	2.545516
19.37791	2.601549
19.38677	2.64676
19.39462	2.696668
19.40191	2.740366
19.41175	2.780284
19.43173	2.831874
19.44191	2.932274
19.45623	2.981123
19.46369	3.04513
19.47382	3.076854
19.48085	3.117678
19.49087	3.145609
19.49826	3.181211
19.50613	3.20751
19.51508	3.232418
19.52283	3.259741
19.53211	3.281916
19.53997	3.305364
19.54721	3.32522
19.55775	3.339551
19.56504	3.360417
19.58783	3.37201
19.59738	3.399766
19.606	3.407796
19.61392	3.411549
19.62148	3.413598
19.63083	3.414689
19.63937	3.411641
19.64661	3.408859
19.65691	3.402654
19.66401	3.393306
19.67984	3.384575
19.68757	3.361139
19.69704	3.345439
19.70538	3.326109
19.71495	3.30613
19.73426	3.281363
19.74513	3.223887
19.75514	3.187494
19.76226	3.1513
19.77493	3.124513
19.78294	3.072737
19.79316	3.038771
19.80029	2.99252
19.81034	2.960132
19.8174	2.91064
19.82461	2.875857
19.83839	2.83867
19.84542	2.765815
19.85559	2.726902
19.86238	2.669884
19.87297	2.63116
19.8924	2.568865
19.90321	2.45177
19.91267	2.385132
19.92027	2.325568
19.92994	2.277733
19.93785	2.215679
19.94538	2.164946
19.95529	2.116242
19.96429	2.051896
19.9788	1.993348
19.98745	1.89882
19.99727	1.842742
20.00517	1.779063
20.01486	1.728199
20.02273	1.666194
20.0326	1.616171
20.05292	1.554243
20.06188	1.429227
20.07172	1.375106
20.07896	1.317507
20.08752	1.275077
20.09715	1.227059
20.10524	1.17336
20.11485	1.130002
20.12298	1.079544
20.1372	1.037897
20.14469	0.9684643
20.15401	0.9337826
20.16017	0.8919798
20.17037	0.8644606
20.17751	0.8232329
20.18714	0.7943791
20.20895	0.7588207
20.22036	0.6854216
20.23055	0.650599
20.23796	0.6246932
20.245	0.6058642
20.25415	0.5906976
20.26059	0.5724562
20.27427	0.5599518
20.28113	0.5403624
20.29218	0.5311853
20.29931	0.5217037
20.30768	0.5155917
20.31678	0.5128712
20.32556	0.5103478
20.33492	0.5111548
20.34273	0.5140164
20.36427	0.5179884
20.37501	0.5395293
20.38149	0.5552185
20.39059	0.5655152
20.39815	0.583904
20.40567	0.5991679
20.4164	0.6174442
20.42287	0.6449787
20.43836	0.663101
20.4443	0.7109448
20.45605	0.7314491
20.46254	0.7736222
20.47253	0.7980952
20.47912	0.8386287
20.48639	0.8653589
20.49564	0.8976553
20.51511	0.9392335
20.52471	1.032836
20.53328	1.081556
20.54059	1.126632
20.54916	1.165281
20.55751	1.213075
20.56516	1.25965
20.57586	1.303764
20.58331	1.366378
20.59931	1.410715
20.60848	1.508
20.62129	1.565262
20.6297	1.645646
20.63754	1.699393
20.6449	1.749503
20.65493	1.796936
20.67498	1.861805
20.68636	1.991976
20.69634	2.065788
20.70376	2.130406
20.71299	2.178144
20.72068	2.237239
20.73031	2.286346
20.73833	2.346761
20.74717	2.397034
20.76304	2.451226
20.77375	2.547236
20.78123	2.610099
20.79064	2.653664
20.79745	2.706316
20.8054	2.744419
20.82526	2.787149
20.83388	2.890025
20.84172	2.932388
20.85001	2.970212
20.85737	3.007615
20.86473	3.040878
20.87397	3.072013
20.88157	3.109658
20.89086	3.139901
20.89835	3.173404
20.90654	3.200415
20.91554	3.226708
20.92419	3.254665
20.93452	3.279351
20.94173	3.306009
20.95055	3.32369
20.96102	3.341659
20.98265	3.362416
20.99224	3.392811
20.99911	3.401451
21.01008	3.407654
21.02364	3.411679
21.03263	3.413892
21.04128	3.411516
21.05152	3.408487
21.05917	3.399823
21.06765	3.393345
21.07824	3.38179
21.08679	3.366747
21.09656	3.350792
21.1044	3.331409
21.11588	3.313459
21.13569	3.284398
21.14567	3.226001
21.15657	3.192619
21.16305	3.153798
21.17317	3.129282
21.17948	3.088466
21.18745	3.063009
21.20124	3.027536
21.21169	2.965331
21.21976	2.914265
21.22733	2.874872
21.23795	2.835207
21.24514	2.779498
21.25554	2.740069
21.26225	2.682142
21.27229	2.644124
21.29271	2.585318
21.30164	2.462818
21.31149	2.40816
21.31901	2.346417
21.32706	2.29924
21.33751	2.247813
21.35219	2.180902
21.36189	2.085916
21.3728	2.023002
21.38026	1.951945
21.3906	1.903408
21.39785	1.83628
21.40617	1.78926
21.41544	1.735785
21.42315	1.676297
21.44499	1.627316
21.45506	1.490895
21.46141	1.429412
21.47296	1.390938
21.48259	1.323079
21.49786	1.267151
21.51468	1.181557
21.52612	1.091965
21.53709	1.033714
21.54459	0.9796717
21.55553	0.9445967
21.56321	0.8950861
21.57336	0.8617123
21.59231	0.8201869
21.60357	0.7484536
21.61323	0.7094545
21.62089	0.6792899
21.6318	0.6558328
21.64086	0.6274797
21.65529	0.604404
21.66224	0.5747737
21.67176	0.561761
21.67889	0.5475461
21.68649	0.5369026
21.69575	0.5292654
21.70411	0.5207505
21.71347	0.5154427
21.72178	0.5122648
21.73071	0.5104823
21.74986	0.5126542
21.76103	0.5230426
21.77146	0.5328342
21.77762	0.5474164
21.78476	0.5560302
21.79323	0.5686774
21.79945	0.5852777
21.80745	0.5974638
21.81685	0.6172311
21.82493	0.6408047
21.84019	0.6636246
21.84904	0.7100181
21.85733	0.7412786
21.86485	0.7705465
21.87417	0.7994174
21.88109	0.836764
21.90434	0.8649561
21.91368	0.9700899
21.9217	1.015425
21.92997	1.054923
21.93709	1.098096
21.94397	1.135283
21.95393	1.172487
21.96105	1.227728
21.97241	1.267491
21.97905	1.3337
21.98773	1.372333
21.99722	1.424745
22.00545	1.482192
22.01984	1.533101
22.02652	1.622921
22.03645	1.665528
22.0568	1.728862
22.06737	1.860132
22.07807	1.928684
22.08619	1.998274
22.09593	2.050925
22.10316	2.114035
22.11262	2.160603
22.12022	2.221273
22.12928	2.269936
22.13705	2.32691
22.14469	2.375767
22.15435	2.423017
22.16191	2.482106
22.17506	2.527919
22.18228	2.605415
22.19216	2.647404
22.21198	2.702956
22.22107	2.810721
22.22889	2.85858
22.23719	2.89737
22.24451	2.938462
22.25468	2.972978
22.2621	3.019297
22.27186	3.052218
22.27911	3.09248
22.28641	3.122367
22.29494	3.149486
22.30292	3.180712
22.31235	3.208452
22.31979	3.238256
22.32699	3.261775
22.33661	3.280883
22.34414	3.30628
22.36503	3.323912
22.37568	3.364882
22.38257	3.381228
22.39939	3.390341
22.40671	3.406539
22.41488	3.409692
22.42215	3.412812
22.43069	3.414335
22.44457	3.41261
22.45467	3.407138
22.46181	3.399219
22.47184	3.392576
22.47942	3.378936
22.48774	3.368633
22.49734	3.352959
22.51729	3.334467
22.52837	3.286585
22.53862	3.254748
22.54597	3.223986
22.55627	3.198872
22.56424	3.16275
22.57479	3.132753
22.5818	3.090718
22.592	3.061983
22.59887	3.016809
22.60711	2.986354
22.62381	2.946925
22.64	2.864677
22.64701	2.780301
22.65721	2.741435
22.67897	2.684942
22.68956	2.558988
22.69902	2.495019
22.7073	2.437649
22.71705	2.386083
22.72445	2.32512
22.73386	2.278241
22.74143	2.218107
22.75301	2.169605
22.76026	2.094588
22.77472	2.047607
22.78191	1.953463
22.79185	1.906734
22.79879	1.842157
22.80668	1.797123
22.81622	1.746409
22.83619	1.685138
22.84611	1.558898
22.85701	1.49742
22.86436	1.430641
22.87507	1.386556
22.88182	1.323284
22.89141	1.283917
22.89815	1.229897
22.90674	1.191899
22.92039	1.145599
22.93027	1.073086
22.93861	1.02402
22.94589	0.9826335
22.95569	0.94884
22.96229	0.9040337
22.97205	0.8748704
22.99249	0.8344699
23.00459	0.7556753
23.01403	0.713493
23.02209	0.6834942
23.03167	0.658977
23.04122	0.6335288
23.05024	0.6088126
23.05826	0.5897598
23.06647	0.5728019
23.08282	0.5590701
23.09242	0.5352717
23.09955	0.5258289
23.10784	0.5188273
23.11772	0.5152237
23.12558	0.511246
23.14796	0.5113286
23.15872	0.519976
23.16602	0.5281608
23.17643	0.537174
23.18268	0.5510775
23.19297	0.5609312
23.19972	0.5804848
23.20894	0.5933151
23.21921	0.6157112
23.22643	0.6408572
23.2401	0.6619321
23.24947	0.7026581
23.25754	0.7352527
23.26502	0.7633414
23.27421	0.7917959
23.28104	0.8281786
23.30374	0.855661
23.3138	0.9570888
23.32172	1.005479
23.33138	1.044253
23.3387	1.094317
23.34624	1.132229
23.35684	1.173374
23.36391	1.231801
23.37431	1.271926
23.3814	1.332216
23.39761	1.373633
23.40484	1.471483
23.41757	1.516094
23.4254	1.595323
23.43578	1.644828
23.45634	1.710948
23.46618	1.843315
23.47634	1.907091
23.48322	1.973126
23.49279	2.017759
23.49962	2.079879
23.50787	2.124158
23.51816	2.177107
23.52512	2.243213
23.53584	2.287275
23.54251	2.354869
23.55656	2.39645
23.5636	2.482699
23.57313	2.525123
23.58059	2.581563
23.58966	2.625582
23.6093	2.676875
23.62047	2.785107
23.63014	2.84466
23.63858	2.892945
23.64608	2.93513
23.65656	2.970182
23.6638	3.018437
23.6729	3.050116
23.67983	3.088104
23.68792	3.117022
23.698	3.147088
23.70618	3.184492
23.71488	3.211786
23.72317	3.239734
23.73156	3.264768
23.73919	3.28739
23.74658	3.30794
23.77908	3.324311
23.7893	3.383698
23.80416	3.394701
23.81186	3.407509
23.81937	3.410929
23.82591	3.414266
23.83557	3.413723
23.84257	3.412374
23.85307	3.409901
23.86184	3.402315
23.87354	3.394915
23.88185	3.379714
23.89341	3.367874
23.90129	3.346305
23.92622	3.330894
23.93838	3.267358
23.94502	3.231508
23.95521	3.209375
23.96214	3.174156
23.97647	3.149174
23.98596	3.092793
23.99459	3.052763
24.00183	3.01492
24.01026	2.982432
24.0174	2.941967
24.02549	2.907714
24.03565	2.866803
24.04378	2.814265
24.05462	2.770964
24.07553	2.711267
24.08603	2.591631
24.09557	2.529301
24.10459	2.471673
24.11427	2.416301
24.12279	2.355967
24.13709	2.302444
24.14444	2.211218
24.1543	2.163949
24.16152	2.100189
24.17163	2.053379
24.17811	1.987575
24.18655	1.945449
24.19571	1.890621
24.20318	1.831073
24.21237	1.782799
24.23211	1.72371
24.24213	1.598181
24.25287	1.535236
24.25995	1.46922
24.26694	1.425689
24.28006	1.384203
24.29102	1.306401
24.29801	1.244297
24.30648	1.204709
24.31594	1.158717
24.32384	1.108031
24.33329	1.067053
24.34105	1.019761
24.35058	0.9813413
24.35799	0.9374416
24.36545	0.9032857
24.38852	0.8712216
24.3994	0.7786584
24.40802	0.7381522
24.41695	0.7100369
24.42434	0.6812232
24.44053	0.6595891
24.45	0.6160078
24.459	0.5954727
24.46632	0.5759547
24.47628	0.5635929
24.4834	0.5475207
24.494	0.5379858
24.50127	0.5269399
24.51096	0.5200989
24.51887	0.5156158
24.53902	0.5119534
24.54874	0.5136957
24.55834	0.5199341
24.56539	0.5266597
24.57531	0.5346991
24.58238	0.5473481
24.59848	0.5577101
24.60559	0.5873144
24.61493	0.6034619
24.62248	0.6257502
24.63265	0.6450894
24.64031	0.6747985
24.64968	0.6973022
24.65759	0.7294353
24.66514	0.7565619
24.67534	0.7848997
24.69465	0.8247693
24.70428	0.9067854
24.71302	0.9505455
24.72057	0.9922405
24.73289	1.02845
24.74192	1.091847
24.7526	1.138959
24.75998	1.19752
24.7686	1.237961
24.78168	1.287711
24.79062	1.363554
24.79762	1.417315
24.80606	1.459445
24.8159	1.511365
24.82471	1.572417
24.83478	1.627819
24.85514	1.691824
24.86472	1.822621
24.87502	1.884598
24.88234	1.951482
24.89233	1.998994
24.89902	2.063801
24.90686	2.107248
24.91546	2.157688
24.92421	2.212913
24.9386	2.268686
24.9458	2.359611
24.95617	2.404144
24.96378	2.467956
24.97382	2.513957
24.98079	2.57367
24.99027	2.61486
25.01081	2.66878
25.02127	2.782185
25.03002	2.83803
25.03817	2.882045
25.04552	2.923056
25.05583	2.957872
25.06307	3.005763
25.07294	3.038052
25.07883	3.079654
25.08677	3.10451
25.09513	3.134845
25.10327	3.166287
25.1118	3.195237
25.11942	3.223099
25.12638	3.247988
25.13623	3.267417
25.14288	3.2945
25.16489	3.31122
25.18062	3.357131
25.18958	3.382774
25.19635	3.392469
25.20457	3.399801
25.21399	3.406044
25.22225	3.410783
25.23133	3.413623
25.2386	3.412889
25.24517	3.412302
25.2555	3.408756
25.2624	3.401898
25.27284	3.395931
25.27975	3.382979
25.28852	3.374401
25.29793	3.358701
25.31717	3.341688
25.32752	3.297425
25.33829	3.269007
25.34483	3.237851
25.35492	3.216473
25.36197	3.182121
25.37641	3.157178
25.38396	3.101054
25.39484	3.06991
25.40267	3.022713
25.41254	2.987641
25.42013	2.940677
25.43053	2.904542
25.4377	2.851153
25.44507	2.814337
25.45585	2.774802
25.47838	2.715786
25.4893	2.587151
25.49901	2.521867
25.5067	2.463442
25.51525	2.415895
25.52286	2.362694
25.53629	2.315
25.54337	2.22956
25.55388	2.184195
25.56049	2.116307
25.5708	2.073619
25.57754	2.006538
25.58596	1.962709
25.59538	1.90801
25.60333	1.846801
25.61228	1.795376
25.63233	1.737805
25.64317	1.610103
25.65372	1.542012
25.66053	1.476975
25.67059	1.435094
25.6771	1.375205
25.6863	1.336464
25.69927	1.283325
25.70804	1.209483
25.718	1.161995
25.72508	1.108337
25.73502	1.071939
25.74195	1.021825
25.75259	0.9876705
25.76258	0.9381967
25.78627	0.8928149
25.79574	0.7955564
25.80397	0.7598355
25.81347	0.7307556
25.82134	0.699599
25.83103	0.6744778
25.83902	0.6476964
25.84626	0.6256087
25.86172	0.6089529
25.87152	0.5754942
25.87874	0.5591277
25.8865	0.5470622
25.8961	0.5377994
25.9036	0.5272185
25.91298	0.5210286
25.93265	0.5161129
25.94241	0.5131678
25.95326	0.5151357
25.95981	0.5220692
25.96829	0.526253
25.97777	0.5364525
25.98648	0.5479627
25.99579	0.5622118
26.00404	0.5787827
26.01304	0.5956905
26.02034	0.6166801
26.03797	0.6339022
26.04834	0.684418
26.06103	0.7183655
26.07096	0.7617204
26.09068	0.8000256
26.10065	0.8809617
26.11078	0.9242291
26.1186	0.9721312
26.12579	1.009066
26.13622	1.04528
26.14367	1.098527
26.15364	1.137816
26.16071	1.192143
26.17098	1.230833
26.1778	1.289806
26.18553	1.328948
26.19854	1.374688
26.20745	1.452588
26.2193	1.507427
26.2262	1.580723
26.24918	1.624345
26.2593	1.770915
26.26678	1.836081
26.27713	1.884596
26.28605	1.951774
26.29598	2.009622
26.30431	2.074033
26.31364	2.12787
26.32066	2.187851
26.33484	2.232954
26.34212	2.322672
26.35246	2.368396
26.36021	2.432175
26.37058	2.480002
26.378	2.54185
26.39741	2.586071
26.40658	2.697437
26.41405	2.747817
26.42169	2.788226
26.43087	2.829005
26.43885	2.875493
26.44632	2.915931
26.45616	2.951375
26.46315	2.997445
26.47308	3.028826
26.47988	3.07112
26.48797	3.100098
26.49685	3.130942
26.50467	3.164712
26.51319	3.192175
26.52109	3.220426
26.5306	3.246061
26.54954	3.272722
26.55897	3.320662
26.56544	3.342026
26.5809	3.353669
26.59072	3.379598
26.59768	3.390794
26.60636	3.398746
26.6156	3.404971
26.62374	3.410168
26.63299	3.41257
26.64124	3.412382
26.65154	3.411494
26.65849	3.405273
26.66628	3.40108
26.67613	3.392756
26.68324	3.381119
26.70526	3.370873
26.71513	3.329424
26.72442	3.306681
26.73374	3.282916
26.74126	3.256455
26.75244	3.234448
26.76428	3.196996
26.77431	3.155223
26.78186	3.116724
26.79371	3.086902
26.8035	3.036054
26.81344	2.992587
26.8215	2.945719
26.83197	2.907159
26.83925	2.853817
26.8586	2.816731
26.86894	2.711771
26.87861	2.652912
26.8866	2.597455
26.89577	2.549923
26.90356	2.495013
26.91609	2.447669
26.92419	2.370065
26.93468	2.319209
26.94127	2.2527
26.95205	2.210697
26.95861	2.141219
26.96623	2.098903
26.97569	2.049475
26.9838	1.988048
26.99434	1.935354
27.01432	1.866902
27.02492	1.737846
27.03597	1.670132
27.04334	1.600074
27.05691	1.553916
27.06428	1.470048
27.07526	1.425402
27.08292	1.359794
27.09279	1.314783
27.10043	1.258351
27.10972	1.214797
27.11822	1.164425
27.12562	1.118382
27.13554	1.080185
27.14165	1.029857
27.15213	0.9995052
27.17269	0.9503595
27.18343	0.8592436
27.19473	0.8149578
27.20292	0.771834
27.21694	0.7419809
27.22676	0.6953094
27.23724	0.6660728
27.24624	0.6365716
27.25731	0.6145461
27.26582	0.5893049
27.27729	0.5731127
27.28469	0.5532969
27.2944	0.5431678
27.3017	0.5318972
27.31178	0.5244119
27.33068	0.5185303
27.34155	0.5137107
27.35751	0.5145863
27.36429	0.5238317
27.37472	0.5302299
27.38183	0.5422816
27.39418	0.5515348
27.40212	0.5727974
27.41308	0.5876608
27.4221	0.6125829
27.43129	0.6342443
27.43901	0.6600689
27.44642	0.6817812
27.45607	0.7058892
27.4631	0.737942
27.48475	0.7628124
27.49548	0.8474366
27.50507	0.8931709
27.51662	0.9361959
27.52491	0.9902937
27.53932	1.031
27.54642	1.104029
27.55694	1.142179
27.56592	1.199137
27.57724	1.249479
27.58487	1.3141
27.59562	1.358835
27.6024	1.422923
27.61317	1.463823
27.63486	1.530207
27.64307	1.666228
27.65272	1.718494
27.6585	1.780469
27.66565	1.817648
27.67832	1.863884
27.6869	1.946035
27.69815	2.001691
27.70569	2.074592
27.71559	2.123246
27.72552	2.186922
27.73715	2.250338
27.74372	2.324029
27.75409	2.365094
27.76242	2.429205
27.77239	2.480237
27.79225	2.539882
27.80252	2.655677
27.81256	2.713871
27.82171	2.768447
27.83114	2.817654
27.83919	2.865764
27.84554	2.906826
27.85441	2.937092
27.86122	2.978973
27.86992	3.01061
27.87695	3.048067
27.88492	3.078314
27.89992	3.110373
27.90606	3.168097
27.91469	3.188837
27.92248	3.217867
27.94314	3.242819
27.95354	3.30013
27.96059	3.324259
27.97055	3.340283
27.97808	3.357899
27.98644	3.371211
27.99485	3.382328
28.00304	3.392414
28.01214	3.400487
28.01997	3.406156
28.02741	3.411031
28.03788	3.411348
28.04542	3.411769
28.0557	3.408911
28.06295	3.40333
28.07367	3.397694
28.09295	3.385669
28.10402	3.35668
28.11862	3.335734
28.12615	3.302936
28.13694	3.282719
28.14489	3.252682
28.1557	3.228029
28.16361	3.19236
28.17426	3.16451
28.18146	3.124152
28.1925	3.09622
28.20002	3.049361
28.21155	3.017421
28.21938	2.963604
28.22773	2.927049
28.2497	2.885069
28.26106	2.770652
28.27743	2.708989
28.28526	2.615638
28.29533	2.569605
28.30379	2.509615
28.31356	2.458392
28.32132	2.398059
28.33121	2.349944
28.3388	2.287304
28.34683	2.239262
28.35618	2.187653
28.36362	2.127435
28.37363	2.079335
28.38061	2.014327
28.40334	1.968987
28.41255	1.821438
28.42064	1.762046
28.43538	1.709946
28.44331	1.616336
28.45353	1.566541
28.4602	1.503195
28.47035	1.461873
28.47772	1.401002
28.48644	1.356836
28.49606	1.306136
28.50382	1.25082
28.51341	1.207362
28.52609	1.155113
28.53548	1.088025
28.5549	1.040066
28.56467	0.9464442
28.57454	0.9021899
28.58169	0.859636
28.59836	0.8295271
28.60569	0.7651404
28.61604	0.7395633
28.624	0.7046027
28.63634	0.6797171
28.64449	0.6442995
28.65452	0.6233196
28.66187	0.5999073
28.67224	0.583772
28.67888	0.5652682
28.68678	0.5534172
28.70934	0.5431501
28.72002	0.5210567
28.72884	0.5142168
28.73682	0.5136816
28.74395	0.5131968
28.75439	0.5150606
28.76171	0.5204981
28.7781	0.5252987
28.7856	0.5432988
28.79525	0.5547157
28.80331	0.5707953
28.81303	0.5860531
28.82211	0.6076167
28.83166	0.6289093
28.84093	0.6552141
28.86509	0.68124
28.87466	0.7627574
28.88213	0.7987412
28.89125	0.8277923
28.89776	0.8662526
28.90601	0.8937023
28.91452	0.9310234
28.92237	0.9705521
28.93261	1.007862
28.94032	1.059348
28.95448	1.098255
28.96188	1.174376
28.97214	1.214717
28.97856	1.272959
28.98693	1.30942
28.9963	1.358727
29.01594	1.414337
29.02674	1.534246
29.03721	1.601695
29.0439	1.667687
29.05319	1.710311
29.06001	1.76993
29.07065	1.813668
29.07724	1.882601
29.0858	1.925275
29.09573	1.980773
29.10411	2.045219
29.1184	2.099376
29.1258	2.191434
29.13616	2.238575
29.14333	2.304338
29.15471	2.349395
29.17442	2.419994
29.18453	2.539411
29.1929	2.598997
29.20082	2.647222
29.21039	2.692634
29.2183	2.745032
29.22591	2.788297
29.23493	2.827995
29.24162	2.874323
29.25203	2.908065
29.25847	2.957664
29.26595	2.988356
29.2762	3.021507
29.28399	3.066055
29.29266	3.098113
29.29943	3.131943
29.30685	3.158322
29.32711	3.183976
29.33762	3.249592
29.34469	3.280189
29.35941	3.298255
29.368	3.333247
29.37706	3.349262
29.38516	3.365818
29.39428	3.377694
29.402	3.389183
29.41088	3.397763
29.41867	3.403835
29.42637	3.409163
29.4358	3.410722
29.44282	3.411684
29.45253	3.410754
29.4595	3.406083
29.4794	3.402727
29.48929	3.381913
29.49799	3.366131
29.50648	3.351944
29.51553	3.334494
29.52445	3.31471
29.5351	3.292811
29.5429	3.263753
29.55329	3.240984
29.56046	3.207276
29.57669	3.18378
29.58777	3.123165
29.59933	3.078208
29.60684	3.029705
29.61559	2.995257
29.63525	2.954779
29.64542	2.85791
29.65559	2.805056
29.66323	2.750498
29.67365	2.708501
29.68068	2.649431
29.69257	2.609394
29.69928	2.53884
29.70774	2.499049
29.71807	2.447146
29.72576	2.383662
29.73923	2.335398
29.74656	2.250281
29.75999	2.203235
29.76976	2.116914
29.79267	2.053539
29.80451	1.904744
29.8155	1.828014
29.82375	1.757086
29.83486	1.704185
29.84189	1.633525
29.85249	1.589079
29.85978	1.523185
29.87081	1.477891
29.8884	1.411468
29.8983	1.307674
29.90699	1.250491
29.91755	1.202353
29.92452	1.144458
29.94752	1.107731
29.95794	0.9921561
29.96486	0.942418
29.97412	0.9114233
29.98121	0.8710213
29.99137	0.8406697
29.99837	0.8009017
30.00692	0.7735288
30.01726	0.743389
30.0245	0.7079031
30.03847	0.6853201
30.04528	0.6444448
30.05514	0.6273276
30.06137	0.6037285
30.07201	0.589565
30.07932	0.5699446
30.09917	0.5564601
30.10882	0.5306571
30.11937	0.5233738
30.12683	0.5159363
30.13754	0.5146417
30.14491	0.5133074
30.15524	0.5152482
30.16239	0.519968
30.17607	0.5246167
30.18444	0.5387745
30.19454	0.5499627
30.20223	0.5661777
30.21184	0.5797372
30.21936	0.6004919
30.22705	0.6167312
30.23774	0.6371257
30.25725	0.6659665
30.26782	0.7275058
30.27614	0.7652897
30.28274	0.7961274
30.29362	0.8218371
30.30246	0.867182
30.31269	0.9050424
30.3203	0.9520728
30.33231	0.987099
30.33965	1.047006
30.34692	1.083592
30.35589	1.122262
30.36383	1.170142
30.37459	1.213675
30.38143	1.274382
30.39118	1.31339
30.41048	1.370932
30.42001	1.487157
30.42837	1.545504
30.43575	1.598051
30.4425	1.644469
30.45241	1.687181
30.45929	1.750676
30.46732	1.794695
30.47607	1.846602
30.48233	1.903247
30.49756	1.943807
30.50494	2.042547
30.51443	2.090196
30.52266	2.151381
30.53149	2.204251
30.53931	2.260391
30.54687	2.310083
30.57244	2.357209
30.58083	2.513872
30.59056	2.564234
30.59726	2.620579
30.60516	2.659323
30.61358	2.703624
30.6206	2.74995
30.62946	2.78842
30.63732	2.834265
30.6452	2.874926
30.6547	2.913775
30.66139	2.959408
30.67099	2.990971
30.67812	3.033187
30.68634	3.064477
30.69499	3.097779
30.70281	3.131936
30.72727	3.161494
30.73795	3.242718
30.74496	3.274403
30.75479	3.292583
30.76205	3.316517
30.77216	3.333102
30.77949	3.35218
30.78771	3.366026
30.79663	3.377194
30.80512	3.389005
30.81399	3.397291
30.82205	3.403929
30.83103	3.408771
30.83911	3.41027
30.84708	3.411621
30.85745	3.408825
30.87826	3.404512
30.88891	3.385285
30.90124	3.369611
30.91197	3.34961
30.92023	3.326824
30.93689	3.309147
30.94432	3.264717
30.95475	3.242661
30.96211	3.209419
30.97267	3.184901
30.97955	3.146023
30.98849	3.1207
30.99755	3.083843
31.00556	3.046232
31.01466	3.01061
31.0357	2.968933
31.04604	2.86642
31.05576	2.812888
31.06254	2.761136
31.07333	2.724205
31.08087	2.66338
31.09464	2.620612
31.10268	2.539286
31.11272	2.491206
31.12054	2.429714
31.13072	2.381714
31.13848	2.317565
31.14603	2.268734
31.15609	2.220419
31.16359	2.155873
31.17315	2.107527
31.19209	2.045553
31.20243	1.922567
31.21245	1.855483
31.22016	1.790749
31.22953	1.740991
31.23805	1.681298
31.24535	1.627024
31.25924	1.581257
31.26743	1.494727
31.2769	1.445087
31.28484	1.387886
31.29434	1.341093
31.30205	1.285995
31.31058	1.241822
31.3176	1.194814
31.32514	1.156089
31.34653	1.11618
31.35677	1.007733
31.3643	0.9584481
31.37443	0.9239607
31.38193	0.8793207
31.39572	0.8471506
31.4042	0.7925329
31.41339	0.7609304
31.42108	0.7289073
31.43094	0.7026334
31.43932	0.6732423
31.44671	0.6482551
31.45681	0.6297747
31.46414	0.6050135
31.47418	0.5893035
31.48097	0.5701661
31.50477	0.5577803
31.51393	0.5285829
31.52251	0.5215483
31.53207	0.5164166
31.53966	0.5146201
31.54679	0.5131932
31.56276	0.5157995
31.57203	0.5236796
31.57911	0.5326943
31.58685	0.5395769
31.596	0.5510046
31.60351	0.5651247
31.61247	0.5786672
31.62024	0.5974897
31.62925	0.6139187
31.63714	0.6377289
31.65727	0.6585489
31.6678	0.7206493
31.67695	0.7577578
31.68466	0.7911863
31.69304	0.8215236
31.7001	0.8559965
31.70931	0.8851424
31.71694	0.9270181
31.72472	0.9617278
31.73879	0.9989578
31.74598	1.068497
31.75742	1.106147
31.76502	1.166777
31.77484	1.208616
31.7817	1.26371
31.79211	1.302678
31.81223	1.363863
31.82204	1.484804
31.83166	1.544922
31.83924	1.605216
31.84716	1.652794
31.85757	1.703309
31.86475	1.769849
31.87502	1.816036
31.8823	1.882438
31.89693	1.929534
31.90496	2.024414
31.91395	2.076264
31.92203	2.134301
31.93355	2.186229
31.94142	2.259606
31.9516	2.309527
31.97083	2.373025
31.97967	2.490875
31.98833	2.544346
31.99711	2.594786
32.00551	2.645852
32.0148	2.693146
32.02277	2.744572
32.03165	2.78776
32.03963	2.834049
32.04749	2.875619
32.05693	2.913842
32.06467	2.959592
32.07491	2.995205
32.08192	3.040627
32.09068	3.070912
32.098	3.105924
32.10653	3.135192
32.13292	3.166178
32.14141	3.252681
32.15092	3.277591
32.15865	3.3013
32.16701	3.32057
32.17613	3.3376
32.1848	3.355368
32.194	3.369551
32.20182	3.382295
32.21124	3.392079
32.21849	3.399713
32.22591	3.405596
32.23577	3.408178
32.24302	3.410448
32.25298	3.410356
32.26025	3.406844
32.28298	3.404131
32.29152	3.381235
32.29776	3.368394
32.30684	3.358999
32.31765	3.341507
32.32511	3.319194
32.33951	3.300998
32.34721	3.263442
32.35733	3.239588
32.36524	3.207919
32.3756	3.180518
32.38377	3.142947
32.39317	3.111529
32.40033	3.073022
32.40976	3.043535
32.41798	3.000777
32.43787	2.963531
32.44764	2.8662
32.45732	2.81528
32.46465	2.764024
32.47499	2.723809
32.48186	2.665802
32.49545	2.626788
32.50324	2.546896
32.51246	2.500326
32.52004	2.444039
32.52957	2.397727
32.53741	2.337868
32.54492	2.288571
32.55566	2.240801
32.56301	2.172031
32.57273	2.124681
32.59412	2.061765
32.6051	1.922903
32.61465	1.851718
32.62239	1.789948
32.63231	1.740084
32.64045	1.676828
32.65295	1.62489
32.65955	1.546829
32.66689	1.505572
32.67727	1.461031
32.68463	1.398116
32.6937	1.354573
32.70133	1.301734
32.71079	1.257633
32.71868	1.205163
32.72641	1.161414
32.74879	1.120582
32.75938	1.007022
32.76807	0.9555884
32.77752	0.9166768
32.7858	0.8746467
32.79537	0.8403542
32.80354	0.8019841
32.81767	0.7708997
32.82502	0.7209426
32.83542	0.6974595
32.84256	0.665903
32.8521	0.6455924
32.85924	0.6216547
32.86734	0.6037387
32.87722	0.5874441
32.89745	0.5680746
32.90842	0.5382068
32.91857	0.5276694
32.92521	0.5192903
32.93572	0.5168199
32.94303	0.5142258
32.95384	0.5141832
32.96274	0.5178013
32.9737	0.5223674
32.98059	0.5323763
32.99852	0.5390155
33.00849	0.565636
33.02095	0.5851758
33.03065	0.611132
33.05114	0.6361992
33.06123	0.6949556
33.07161	0.7268704
33.07847	0.7642543
33.08671	0.7889405
33.09651	0.821737
33.10478	0.8616286
33.11455	0.8973179
33.12232	0.9413189
33.13178	0.9772219
33.14035	1.023575
33.15426	1.065728
33.16062	1.138879
33.17111	1.172549
33.17839	1.231029
33.18684	1.271674
33.20965	1.320642
33.22039	1.456206
33.22981	1.521511
33.23793	1.580364
33.24563	1.631144
33.25663	1.679965
33.26436	1.750107
33.27425	1.799771
33.28151	1.863609
33.29557	1.910517
33.30413	2.001625
33.31377	2.057025
33.32141	2.119198
33.33121	2.168435
33.33935	2.230954
33.35934	2.282797
33.3702	2.407826
33.37962	2.473844
33.38857	2.531016
33.39777	2.583352
33.40701	2.637071
33.41602	2.689114
33.42295	2.739285
33.43213	2.776869
33.43942	2.825015
33.44783	2.863274
33.45718	2.904535
33.46437	2.950201
33.47447	2.983604
33.48075	3.028837
33.49566	3.056664
33.51642	3.116967
33.52552	3.193214
33.5355	3.222983
33.54172	3.25366
33.5517	3.271881
33.55805	3.297343
33.56685	3.313542
33.57579	3.332268
33.58397	3.350202
33.59275	3.364383
33.60117	3.377085
33.60937	3.388577
33.61761	3.39573
33.62503	3.402922
33.63363	3.406482
33.64092	3.408997
33.65084	3.410596
33.6721	3.407719
33.68272	3.394532
33.69241	3.383734
33.70021	3.369761
33.71235	3.358408
33.72065	3.33408
33.73054	3.317102
33.73861	3.291902
33.74704	3.271337
33.75708	3.246167
33.76348	3.215325
33.77308	3.19391
33.78027	3.15958
33.79021	3.133762
33.79791	3.093555
33.8068	3.062413
33.82851	3.023479
33.83928	2.9227
33.84824	2.870078
33.85771	2.823288
33.86466	2.77354
33.88064	2.735582
33.89085	2.646349
33.89798	2.586622
33.90596	2.544947
33.91455	2.496896
33.9217	2.444686
33.93138	2.400923
33.93845	2.340285
33.94516	2.295985
33.95503	2.253299
33.96268	2.190212
33.98532	2.141164
33.99681	1.994528
34.00527	1.919973
34.01514	1.865174
34.02339	1.801292
34.03767	1.748205
34.04496	1.656992
34.05605	1.611064
34.06336	1.541622
34.07328	1.496476
34.08094	1.436117
34.08913	1.389772
34.09674	1.341846
34.10513	1.297293
34.11508	1.24964
34.1359	1.194126
34.14453	1.083137
34.15436	1.039425
34.16159	0.9913275
34.17797	0.9565718
34.18622	0.8829865
34.19585	0.8486338
34.2036	0.8095427
34.21402	0.7798028
34.22167	0.742386
34.23096	0.7157753
34.23884	0.6870493
34.24659	0.6627184
34.25716	0.6421974
34.26468	0.615081
34.27537	0.5983389
34.29522	0.5767096
34.30487	0.5450944
34.31313	0.5337651
34.32077	0.526413
34.33491	0.5200534
34.34186	0.5156505
34.35239	0.514568
34.35859	0.5174083
34.36705	0.5190827
34.37613	0.5254483
34.38336	0.5331506
34.39222	0.5412107
34.4001	0.553796
34.40896	0.5650466
34.41697	0.5825908
34.42373	0.5984334
34.43358	0.6138448
34.45353	0.6387399
34.46316	0.6961678
34.473	0.7271127
34.47982	0.7620066
34.488	0.7861612
34.50175	0.8189309
34.51111	0.8749752
34.51874	0.9166396
34.52576	0.9506243
34.53649	0.9842064
34.54397	1.036296
34.55391	1.074092
34.56116	1.125995
34.57174	1.164212
34.57899	1.222906
34.58721	1.263087
34.60851	1.310662
34.62088	1.436618
34.63026	1.511643
34.63746	1.570108
34.6446	1.614983
34.65887	1.660115
34.66621	1.750996
34.6763	1.798226
34.68433	1.863318
34.69548	1.915236
34.7036	1.987476
34.71359	2.040004
34.72185	2.10457
34.73103	2.157764
34.74006	2.216403
34.76367	2.274031
34.77428	2.421304
34.7803	2.485947
34.79067	2.522531
34.79821	2.583353
34.80635	2.627562
34.81581	2.673638
34.82364	2.726588
34.83838	2.769252
34.84411	2.847092
34.85229	2.875855
34.85889	2.916125
34.86757	2.948636
34.87673	2.988325
34.88472	3.029812
34.89357	3.063926
34.9131	3.100126
34.92296	3.173918
34.93176	3.208193
34.94012	3.235708
34.95037	3.261825
34.95754	3.288545
34.96562	3.307228
34.97501	3.325249
34.98331	3.344619
34.99199	3.359913
35.00014	3.372972
35.00901	3.385149
35.01768	3.393429
35.02638	3.401521
35.03679	3.405937
35.04334	3.409619
35.06492	3.409989
35.07563	3.402191
35.08405	3.393513
35.10089	3.384382
35.10995	3.360565
35.11817	3.342938
35.12517	3.326937
35.13569	3.310485
35.14264	3.284245
35.15217	3.265512
35.15905	3.236738
35.16759	3.215978
35.18009	3.186342
35.18957	3.142276
35.19733	3.104378
35.21727	3.073341
35.22696	2.986003
35.23751	2.940166
35.24558	2.888976
35.2557	2.847841
35.26286	2.795041
35.28002	2.756818
35.28991	2.661727
35.29778	2.60417
35.30535	2.558353
35.31578	2.513006
35.32335	2.449792
35.33367	2.403347
35.33994	2.338882
35.34987	2.299752
35.37175	2.236377
35.38137	2.095884
35.39083	2.033676
35.39878	1.972266
35.40731	1.920651
35.41797	1.865403
35.42545	1.796428
35.43909	1.748395
35.44668	1.66112
35.45671	1.613382
35.46367	1.550399
35.4733	1.507396
35.4805	1.44868
35.49106	1.404824
35.49884	1.342756
35.50639	1.297078
35.52871	1.254399
35.53993	1.132049
35.54705	1.07268
35.55691	1.037513
35.56453	0.9889218
35.57477	0.9531545
35.58297	0.9066969
35.59659	0.8707789
35.60432	0.8148547
35.61372	0.7851611
35.62107	0.7509658
35.63046	0.7247331
35.63877	0.6952215
35.64671	0.6691021
35.65687	0.6476429
35.67775	0.6209915
35.68868	0.5758748
35.70075	0.5579948
35.7108	0.5400706
35.72189	0.5305177
35.73325	0.5210637
35.7421	0.5168374
35.75967	0.514767
35.7709	0.5184388
35.78188	0.5271048
35.79465	0.5368356
35.8029	0.5542174
35.81508	0.5670699
35.8361	0.5904851
35.84618	0.6396932
35.85669	0.6678118
35.86375	0.6992882
35.87463	0.7223026
35.88448	0.7603403
35.89744	0.7969432
35.90562	0.8483939
35.91656	0.8833692
35.92603	0.9316254
35.94173	0.9758586
35.95619	1.052114
35.96746	1.127106
35.98926	1.188007
36.00192	1.310834
36.01297	1.384692
36.0214	1.451327
36.03076	1.502411
36.04172	1.560585
36.05775	1.62898
36.06689	1.730875
36.07688	1.789601
36.08575	1.853958
36.10126	1.911333
36.11089	2.011756
36.12019	2.074059
36.14291	2.134162
36.15478	2.279115
36.16184	2.353658
36.17294	2.397673
36.18087	2.465505
36.19342	2.513729
36.20044	2.58766
36.21008	2.628903
36.21902	2.68316
36.22563	2.733469
36.23503	2.76886
36.24263	2.818847
36.25317	2.858296
36.25951	2.910594
36.26833	2.942035
36.28017	2.982525
36.30151	3.036556
36.31435	3.124151
36.32197	3.171317
36.33134	3.198321
36.33898	3.228126
36.34695	3.252415
36.35623	3.274133
36.36668	3.298837
36.37641	3.323036
36.38823	3.343665
36.39787	3.364119
36.40733	3.379183
36.4189	3.389778
36.42738	3.401249
36.43759	3.405386
36.45805	3.409598
36.4686	3.407527
36.47742	3.400735
36.48558	3.394116
36.4944	3.384774
36.50591	3.373087
36.515	3.354502
36.52143	3.337343
36.53131	3.3244
36.53855	3.300308
36.5466	3.282659
36.56452	3.259541
36.58061	3.204109
36.5905	3.147945
36.61003	3.108905
36.62078	3.027285
36.63041	2.9797
36.6395	2.933429
36.64614	2.889738
36.65783	2.855524
36.66554	2.795059
36.67558	2.753261
36.68396	2.697988
36.6937	2.650682
36.70191	2.594306
36.71058	2.546236
36.7185	2.49394
36.72673	2.446168
36.73943	2.39519
36.74763	2.316086
36.77139	2.263978
36.78196	2.111755
36.79261	2.043446
36.80064	1.974312
36.81063	1.92222
36.8187	1.857492
36.82679	1.805266
36.83667	1.753332
36.84386	1.690017
36.85317	1.6444
36.86064	1.585871
36.87445	1.539009
36.88274	1.454495
36.89241	1.404308
36.90038	1.347294
36.92267	1.300362
36.93399	1.175553
36.9411	1.115256
36.95218	1.077813
36.95877	1.022741
36.9676	0.9899759
36.9761	0.949078
36.98444	0.9101329
37.00165	0.8738441
37.01764	0.8031821
37.02484	0.7442056
37.03589	0.7200164
37.04347	0.684702
37.05362	0.6622728
37.07311	0.6350973
37.0871	0.59
37.10688	0.5640521
