0	0
0.02	3.449
0.3533334	3.437133
0.4538694	1.949136
0.4986073	1.361793
0.5118529	1.13902
0.5343769	1.080538
0.5460724	0.987724
0.5605637	0.9438341
0.5713117	0.8927009
0.5788261	0.8594465
0.5880859	0.8361968
0.5997385	0.8113769
0.6070923	0.7808434
0.6176046	0.7650583
0.6248637	0.7426772
0.6368278	0.7296688
0.6449118	0.7102154
0.6553779	0.6995873
0.6641279	0.6879315
0.6888111	0.6803192
0.7128921	0.6701354
0.7224672	0.6748238
0.7329071	0.6802205
0.7404044	0.6900255
0.7500027	0.6972662
0.756936	0.7110097
0.764874	0.7209371
0.7746266	0.7346374
0.7820531	0.7532719
0.7918829	0.7684032
0.7997721	0.7916924
0.8073592	0.8103837
0.817853	0.8315756
0.8372402	0.8610249
0.8484479	0.9224824
0.8669527	0.9617373
0.8768156	1.03072
0.8853483	1.069642
0.8954394	1.105009
0.9035053	1.148027
0.9176434	1.183382
0.9288979	1.247564
0.9440315	1.300781
0.9584984	1.373901
0.9716113	1.445914
1.001767	1.513025
1.018489	1.670577
1.025573	1.759654
1.035964	1.797562
1.042688	1.853233
1.053535	1.889227
1.0608	1.947217
1.07172	1.986013
1.07828	2.043803
1.086038	2.078514
1.094948	2.118988
1.102813	2.165285
1.111207	2.205762
1.118409	2.248229
1.125612	2.284663
1.156899	2.320113
1.174536	2.469259
1.187664	2.548
1.198771	2.603894
1.207662	2.649882
1.219059	2.684311
1.226987	2.727955
1.238433	2.75594
1.246594	2.795888
1.256556	2.821966
1.265047	2.853101
1.273628	2.877689
1.281883	2.901191
1.303694	2.923039
1.337495	2.972388
1.34649	3.029494
1.361384	3.039953
1.369802	3.054827
1.376486	3.059832
1.383403	3.063806
1.392724	3.066398
1.40049	3.067775
1.409094	3.068706
1.416227	3.066156
1.422765	3.064041
1.432195	3.060893
1.452607	3.053967
1.463531	3.033568
1.47457	3.019393
1.482166	3.001962
1.491466	2.989103
1.500011	2.970712
1.510485	2.953807
1.518517	2.929109
1.525682	2.910167
1.541203	2.891229
1.550983	2.84865
1.558411	2.818818
1.56675	2.79616
1.575993	2.768652
1.584067	2.737626
1.60719	2.709394
1.618002	2.623577
1.625443	2.581608
1.635543	2.551554
1.642269	2.510181
1.653034	2.48223
1.660194	2.436223
1.669718	2.405599
1.676961	2.363546
1.68507	2.331563
1.702095	2.29522
1.711518	2.2181
1.719483	2.174844
1.727011	2.138278
1.736784	2.103498
1.755997	2.058317
1.766738	1.969579
1.776087	1.920257
1.783325	1.877474
1.792785	1.844609
1.800563	1.802052
1.810262	1.767127
1.818052	1.724592
1.825481	1.690427
1.835325	1.658653
1.841771	1.616933
1.857812	1.589931
1.865268	1.52483
1.874573	1.495684
1.882187	1.459882
1.893149	1.431109
1.913693	1.391533
1.924253	1.320985
1.935307	1.286886
1.942196	1.253099
1.952658	1.232728
1.960105	1.204014
1.971889	1.183609
1.980128	1.155172
1.989427	1.135332
1.99742	1.116113
2.004855	1.099593
2.019169	1.085977
2.026641	1.061554
2.037574	1.051274
2.044843	1.036682
2.068322	1.028815
2.079788	1.009557
2.087498	1.002989
2.098034	1.001456
2.105875	0.9994726
2.115873	1.000244
2.123023	1.002186
2.133224	1.004718
2.140216	1.010557
2.150498	1.014639
2.15786	1.024326
2.165761	1.031262
2.179907	1.040774
2.187263	1.059176
2.198905	1.071261
2.222159	1.090442
2.234833	1.136718
2.241838	1.165717
2.251849	1.18228
2.259587	1.208106
2.268214	1.228068
2.277675	1.25251
2.285589	1.279434
2.296549	1.303307
2.303411	1.337151
2.313731	1.359075
2.320819	1.393173
2.337654	1.416742
2.344182	1.475531
2.355103	1.498996
2.375028	1.538871
2.386298	1.61357
2.397645	1.6568
2.405369	1.700816
2.415594	1.731141
2.422423	1.771492
2.432884	1.798524
2.439834	1.840173
2.447879	1.867841
2.458035	1.899896
2.466989	1.940367
2.476763	1.975844
2.484187	2.01451
2.49953	2.043628
2.507828	2.103402
2.531209	2.135024
2.541613	2.222651
2.552382	2.260751
2.560004	2.298832
2.570774	2.325784
2.578464	2.361967
2.586825	2.387805
2.597369	2.414519
2.604717	2.447816
2.614528	2.469962
2.621869	2.498745
2.63131	2.519823
2.638716	2.545198
2.646922	2.565103
2.655938	2.585324
2.66383	2.607165
2.949548	2.625202
2.981952	2.617213
3.006711	2.540674
3.019836	2.474025
3.027729	2.436869
3.038441	2.41324
3.047171	2.381135
3.05715	2.353954
3.065515	2.322631
3.075894	2.295735
3.083938	2.261957
3.103085	2.235427
3.119647	2.171216
3.127396	2.114818
3.13833	2.088173
3.158796	2.050563
3.17087	1.98004
3.182772	1.938653
3.192385	1.898013
3.200961	1.865543
3.211198	1.836648
3.219509	1.802833
3.227852	1.775381
3.241368	1.74861
3.258686	1.705492
3.266344	1.652196
3.276523	1.62957
3.284169	1.599759
3.294584	1.578081
3.315309	1.549361
3.326639	1.495151
3.337495	1.467486
3.345215	1.441927
3.355537	1.424932
3.363634	1.402966
3.374314	1.386615
3.381925	1.36647
3.399348	1.352606
3.406355	1.324188
3.417209	1.314454
3.424418	1.299642
3.434411	1.291017
3.441526	1.28012
3.451835	1.272791
3.472552	1.264446
3.485616	1.251257
3.497293	1.246019
3.504207	1.243245
3.514226	1.242807
3.521063	1.243295
3.530848	1.243928
3.538029	1.247169
3.545991	1.249548
3.562794	1.253854
3.572406	1.264854
3.580025	1.273318
3.589632	1.280033
3.597314	1.291
3.605612	1.299769
3.629003	1.310646
3.639882	1.345346
3.64875	1.363077
3.658781	1.379467
3.667641	1.398037
3.676918	1.416009
3.685325	1.435086
3.694789	1.453378
3.702676	1.474618
3.719388	1.49277
3.726701	1.533099
3.736923	1.551743
3.744547	1.577929
3.755481	1.598025
3.76332	1.627397
3.785432	1.648792
3.796392	1.710881
3.803976	1.742313
3.814552	1.764286
3.821977	1.795211
3.831892	1.816985
3.839247	1.846298
3.847316	1.868046
3.859683	1.891963
3.870299	1.928635
3.880184	1.95996
3.890439	1.989116
3.898538	2.018977
3.905859	2.042562
3.916826	2.063519
3.937142	2.094784
3.948009	2.151263
3.957569	2.180491
3.965205	2.20594
3.974176	2.225614
3.982584	2.248368
3.991954	2.269319
4.000012	2.291727
4.017215	2.310997
4.023679	2.349375
4.033368	2.363144
4.040439	2.383042
4.05056	2.397478
4.057661	2.416316
4.065442	2.42953
4.074707	2.442889
4.095872	2.45822
4.106369	2.48981
4.116317	2.503465
4.123631	2.515523
4.133975	2.523536
4.141527	2.533651
4.152316	2.540668
4.159661	2.548628
4.167667	2.554046
4.176641	2.558082
4.184585	2.562512
4.19334	2.565305
4.201384	2.567474
4.20985	2.569125
4.218454	2.569139
4.226299	2.569153
4.257239	2.56763
4.270208	2.555999
4.28098	2.547358
4.291109	2.539422
4.299095	2.529874
4.306437	2.522344
4.316221	2.514027
4.323663	2.502684
4.33388	2.493301
4.340736	2.479351
4.350409	2.469846
4.357758	2.454764
4.366284	2.443304
4.375832	2.428888
4.383805	2.412296
4.410123	2.397818
4.420936	2.346287
4.431391	2.324013
4.438586	2.301234
4.44728	2.285559
4.456392	2.265802
4.465771	2.244932
4.475465	2.222911
4.483237	2.199806
4.492694	2.181043
4.499942	2.15781
4.506824	2.140003
4.516687	2.122729
4.523944	2.097972
4.533854	2.079633
4.553586	2.054454
4.57172	2.004179
4.581851	1.958035
4.591624	1.932346
4.599965	1.90781
4.60749	1.886869
4.617679	1.868351
4.624894	1.843278
4.635486	1.825852
4.64214	1.800499
4.652447	1.784755
4.659988	1.76097
4.668107	1.743565
4.677069	1.725668
4.684877	1.705915
4.706492	1.689291
4.7242	1.645136
4.733648	1.611283
4.740423	1.59431
4.750849	1.582207
4.758898	1.565189
4.767119	1.552049
4.776755	1.539881
4.785082	1.525848
4.794722	1.514667
4.802336	1.502423
4.812727	1.493205
4.820214	1.482022
4.830022	1.474009
4.837747	1.465426
4.857987	1.458667
4.869029	1.444672
4.885796	1.439186
4.89568	1.432725
4.902746	1.430286
4.914029	1.429125
4.92125	1.428732
4.931554	1.428743
4.939094	1.430549
4.948258	1.43187
4.958088	1.435189
4.966946	1.43895
4.976171	1.443747
4.983184	1.449147
4.992206	1.453876
5.011104	1.460923
5.021642	1.477782
5.032261	1.488295
5.038838	1.500487
5.047301	1.508039
5.064085	1.518984
5.073395	1.541717
5.080846	1.555431
5.090212	1.56653
5.097761	1.581675
5.105788	1.593884
5.11555	1.607606
5.122874	1.624646
5.134809	1.637756
5.14306	1.659944
5.168568	1.675583
5.181131	1.726206
5.193958	1.751896
5.201843	1.778887
5.218772	1.795568
5.225367	1.832004
5.236335	1.846361
5.243706	1.870303
5.253388	1.886442
5.262343	1.907702
5.272122	1.927358
5.279513	1.948786
5.286829	1.964983
5.298481	1.980864
5.318168	2.006143
5.329562	2.048144
5.339194	2.071883
5.346951	2.091866
5.356494	2.107456
5.364555	2.126566
5.378736	2.14231
5.386239	2.169465
5.396538	2.183196
5.404265	2.201867
5.416493	2.21538
5.423831	2.236128
5.434313	2.248085
5.442899	2.26452
5.453061	2.277577
5.472823	2.292084
5.483875	2.318384
5.493184	2.3319
5.500879	2.342327
5.510741	2.3508
5.518618	2.360205
5.525969	2.367718
5.541858	2.373698
5.551414	2.385777
5.558672	2.391549
5.566405	2.395934
5.576022	2.399448
5.5835	2.403521
5.592896	2.406049
5.601071	2.408311
5.611833	2.410084
5.631935	2.410707
5.641826	2.409702
5.651403	2.40815
5.657838	2.405249
5.666986	2.4033
5.676736	2.399305
5.686056	2.394643
5.696766	2.389159
5.703812	2.382222
5.721651	2.377036
5.732378	2.36231
5.740137	2.351949
5.754428	2.344435
5.766098	2.328543
5.795763	2.314734
5.806989	2.275727
5.820263	2.259511
5.832234	2.239741
5.84032	2.220742
5.853875	2.207882
5.862079	2.1852
5.872075	2.171322
5.880638	2.153872
5.898148	2.138887
5.905316	2.107306
5.916803	2.094148
5.938042	2.072933
5.950636	2.0332
5.963236	2.009444
5.97501	1.98566
5.98382	1.963451
5.995869	1.946899
6.002845	1.924378
6.015426	1.91143
6.023216	1.888313
6.034302	1.874148
6.042461	1.854291
6.055149	1.839825
6.063224	1.817863
6.082335	1.804121
6.109043	1.772646
6.120958	1.731565
6.133497	1.714117
6.141245	1.697011
6.152288	1.686589
6.159683	1.672827
6.168931	1.663612
6.181484	1.653221
6.191287	1.639374
6.199822	1.629729
6.208055	1.62133
6.218949	1.614372
6.226629	1.605199
6.236908	1.599711
6.263942	1.592574
6.28158	1.578037
6.291697	1.571435
6.300272	1.569089
6.310471	1.567143
6.319561	1.566378
6.329745	1.565696
6.34043	1.566453
6.351371	1.567385
6.358785	1.569957
6.367663	1.5717
6.378701	1.57494
6.386076	1.579196
6.397482	1.582933
6.419897	1.589008
6.43207	1.603746
6.442722	1.613569
6.46022	1.622524
6.479123	1.638923
6.488215	1.658839
6.498602	1.669312
6.506691	1.681386
6.517986	1.691452
6.527341	1.705698
6.538183	1.718147
6.54633	1.73278
6.5566	1.744264
6.5796	1.758916
6.591408	1.793011
6.603082	1.811211
6.61551	1.829344
6.623366	1.848999
6.641902	1.861509
6.653673	1.89132
6.661963	1.910385
6.672183	1.923812
6.680507	1.94036
6.691144	1.953833
6.699978	1.970919
6.707545	1.985106
6.733481	1.997064
6.746188	2.03753
6.757133	2.05681
6.766003	2.073136
6.77651	2.085993
6.785189	2.101014
6.803041	2.113051
6.813828	2.137057
6.821378	2.150832
6.831861	2.160348
6.839994	2.17278
6.848944	2.182425
6.860433	2.192144
6.885256	2.204572
6.897709	2.228239
6.907031	2.238981
6.918998	2.246169
6.926192	2.25504
6.937861	2.259598
6.947644	2.266787
6.967139	2.271824
6.979037	2.280366
6.986339	2.28458
6.998732	2.286318
7.006525	2.289049
7.019818	2.289888
7.040741	2.291028
7.055254	2.28994
7.06374	2.287313
7.073468	2.285291
7.082127	2.282268
7.091045	2.279307
7.099612	2.275408
7.107785	2.271662
7.118062	2.267143
7.126396	2.2614
7.145281	2.256
7.155978	2.242671
7.16501	2.234273
7.175274	2.22667
7.201051	2.217563
7.21655	2.192614
7.224616	2.176067
7.234444	2.167101
7.241937	2.155852
7.252392	2.147146
7.260654	2.134477
7.273344	2.124428
7.280787	2.108327
7.298795	2.098847
7.30625	2.075155
7.31688	2.065125
7.324343	2.05076
7.335274	2.040565
7.359216	2.025522
7.371604	1.992305
7.382379	1.975055
7.392735	1.960069
7.402025	1.945735
7.41283	1.932915
7.420017	1.918169
7.430748	1.908361
7.438238	1.894041
7.446763	1.884047
7.466952	1.872946
7.47914	1.847177
7.486768	1.832026
7.512918	1.822952
7.523887	1.792915
7.534942	1.781003
7.543143	1.769551
7.554018	1.761324
7.562746	1.750987
7.572593	1.742944
7.581163	1.734493
7.591211	1.727253
7.599455	1.719619
7.607613	1.713356
7.625991	1.707943
7.636254	1.69652
7.644108	1.690886
7.668961	1.687031
7.680105	1.67717
7.689885	1.673571
7.698338	1.67153
7.70622	1.669765
7.717995	1.668841
7.725811	1.667749
7.736927	1.667696
7.745309	1.667951
7.755757	1.66875
7.765289	1.670183
7.777359	1.672085
7.786271	1.675096
7.80467	1.678005
7.830371	1.6851
7.843103	1.698086
7.854302	1.70558
7.863359	1.712981
7.874036	1.719269
7.883048	1.727284
7.895024	1.734304
7.902509	1.744293
7.913573	1.750724
7.92204	1.760781
7.933204	1.768613
7.94096	1.77951
7.952095	1.787138
7.981771	1.798662
7.996407	1.830549
8.004044	1.847042
8.015814	1.855778
8.024465	1.869421
8.036287	1.879551
8.044975	1.893523
8.056638	1.903858
8.064958	1.917797
8.075293	1.927759
8.083657	1.94015
8.095781	1.950155
8.104734	1.96462
8.140002	1.975228
8.15481	2.016265
8.163312	2.032839
8.173955	2.042215
8.184007	2.053676
8.196473	2.064297
8.205527	2.07709
8.218289	2.086057
8.226763	2.098406
8.239499	2.106159
8.248175	2.117643
8.260345	2.124872
8.285321	2.134934
8.306832	2.153231
8.319123	2.166983
8.327327	2.174103
8.338105	2.178181
8.346369	2.183434
8.35739	2.186854
8.366216	2.191175
8.376552	2.194027
8.386407	2.197068
8.3996	2.199334
8.408479	2.201912
8.419588	2.202801
8.44135	2.203863
8.455102	2.203683
8.465466	2.202271
8.485235	2.200677
8.499844	2.196236
8.509064	2.191941
8.519988	2.188403
8.528601	2.184194
8.538716	2.180125
8.547311	2.175345
8.559328	2.170678
8.567887	2.164005
8.579209	2.158639
8.601937	2.151471
8.615634	2.13537
8.623792	2.124804
8.635291	2.118286
8.643904	2.108732
8.662552	2.101374
8.672666	2.084804
8.681467	2.07543
8.691108	2.067221
8.699994	2.057934
8.708386	2.049374
8.719518	2.041049
8.728162	2.030009
8.74014	2.021266
8.7656	2.009138
8.778747	1.983026
8.786612	1.969501
8.797154	1.961437
8.805134	1.950634
8.817458	1.942522
8.827255	1.930045
8.847933	1.920274
8.859492	1.899982
8.868616	1.888837
8.881382	1.880347
8.893456	1.868551
8.916196	1.857854
8.928494	1.838506
8.938689	1.828688
8.947369	1.820727
8.958202	1.8144
8.967308	1.806604
8.978738	1.800535
8.986188	1.793065
8.996505	1.788634
9.00493	1.782622
9.023202	1.778082
9.034289	1.769054
9.041078	1.764293
9.051093	1.761466
9.072845	1.757978
9.083813	1.75147
9.095714	1.748884
9.104279	1.746736
9.11644	1.745553
9.124197	1.744393
9.134686	1.744011
9.142782	1.743905
9.152584	1.744059
9.163023	1.744791
9.172834	1.745823
9.183465	1.747373
9.201493	1.749335
9.21203	1.753769
9.233951	1.757118
9.243698	1.76514
9.254452	1.769241
9.26276	1.774248
9.274093	1.778301
9.282717	1.784336
9.29576	1.789098
9.304531	1.796857
9.315305	1.802334
9.322887	1.809361
9.335044	1.814455
9.343107	1.823013
9.355399	1.828832
9.363173	1.83805
9.392357	1.844005
9.402885	1.867458
9.413636	1.876193
9.422833	1.885307
9.434676	1.893156
9.441814	1.903412
9.453176	1.909613
9.461588	1.919578
9.474034	1.926962
9.483133	1.93793
9.492639	1.945939
9.501308	1.954287
9.51076	1.961889
9.518255	1.970096
9.539557	1.976604
9.557955	1.994773
9.568015	2.01002
9.578983	2.018112
9.587899	2.026868
9.599389	2.033711
9.606738	2.042484
9.617814	2.047822
9.625824	2.055829
9.638013	2.061352
9.646523	2.069601
9.658623	2.075026
9.667808	2.082594
9.678329	2.087903
9.700837	2.093895
9.722278	2.105407
9.732697	2.114807
9.739828	2.118751
9.749585	2.12145
9.759674	2.124483
9.768021	2.127608
9.780126	2.129624
9.792183	2.132506
9.801409	2.134512
9.812984	2.135945
9.821934	2.137029
9.83278	2.137725
9.853151	2.137947
9.863455	2.1374
9.872407	2.13661
9.88045	2.135496
9.889315	2.134465
9.897175	2.132742
9.904571	2.131215
9.921571	2.129468
9.937108	2.124911
9.945341	2.119828
9.95579	2.116803
9.963471	2.112737
9.973847	2.109545
9.981813	2.104904
9.992141	2.101243
10.01713	2.096065
10.02928	2.082687
10.03863	2.07557
10.04727	2.069998
10.05679	2.064559
10.06575	2.058503
10.07732	2.052611
10.08504	2.044849
10.10227	2.039531
10.11357	2.027427
10.12102	2.01926
10.13128	2.013862
10.13968	2.006266
10.14886	2.000057
10.17343	1.993165
10.18624	1.974635
10.19714	1.964949
10.20451	1.956712
10.21553	1.951178
10.22316	1.942926
10.23373	1.937257
10.24106	1.929475
10.25879	1.924101
10.26701	1.911383
10.27844	1.905654
10.28557	1.89773
10.29658	1.892952
10.30393	1.885645
10.32811	1.880906
10.339	1.86601
10.34717	1.85959
10.35684	1.855085
10.36519	1.849802
10.37611	1.845489
10.38445	1.84005
10.39523	1.836121
10.40261	1.831305
10.42139	1.828151
10.43274	1.82086
10.44019	1.817056
10.45151	1.814569
10.46141	1.811446
10.48601	1.8088
10.49794	1.803883
10.50543	1.802059
10.51586	1.801253
10.52302	1.800312
10.53311	1.799856
10.54138	1.799581
10.55149	1.799442
10.55857	1.799795
10.5685	1.800042
10.57795	1.800906
10.58529	1.80181
10.60185	1.80283
10.61228	1.805518
10.63657	1.807756
10.64941	1.813901
10.65948	1.817886
10.66929	1.821154
10.68189	1.82481
10.69279	1.829633
10.70065	1.834249
10.71175	1.837604
10.71934	1.842785
10.72906	1.846325
10.73845	1.851215
10.74748	1.855965
10.75816	1.86079
10.76669	1.866567
10.79996	1.871382
10.81254	1.890898
10.82278	1.898669
10.8337	1.905038
10.84173	1.911955
10.85295	1.917061
10.86059	1.924289
10.87091	1.929209
10.87925	1.935916
10.88763	1.941339
10.89863	1.946784
10.90671	1.953933
10.91898	1.959151
10.94111	1.967067
10.96115	1.981112
10.97091	1.99352
10.97989	1.999379
10.98837	2.004765
10.99988	2.00965
11.0074	2.016278
11.01681	2.020392
11.02412	2.02554
11.03593	2.029397
11.0442	2.035467
11.05392	2.039559
11.06175	2.044191
11.07189	2.047851
11.09399	2.052269
11.10543	2.061293
11.11533	2.06553
11.13152	2.068957
11.14084	2.074008
11.15228	2.076744
11.16071	2.079573
11.17126	2.081625
11.18069	2.083686
11.19023	2.08549
11.1993	2.086844
11.20695	2.08813
11.21713	2.088842
11.22447	2.08974
11.24814	2.090144
11.25797	2.090498
11.2666	2.09029
11.27869	2.089757
11.28678	2.088859
11.30278	2.087904
11.31265	2.085739
11.32026	2.083991
11.33089	2.082632
11.33799	2.08023
11.34645	2.078625
11.35569	2.076413
11.36499	2.073895
11.37514	2.071141
11.40044	2.067927
11.41483	2.05906
11.4222	2.053361
11.43325	2.050368
11.44092	2.045619
11.45186	2.042293
11.4619	2.03725
11.48421	2.032575
11.49572	2.021605
11.50363	2.015739
11.51432	2.011635
11.52173	2.005988
11.53264	2.002049
11.55293	1.996135
11.56426	1.985003
11.57506	1.97873
11.58333	1.972711
11.59314	1.968102
11.60146	1.962634
11.61144	1.957997
11.61908	1.952471
11.62769	1.948236
11.63702	1.943532
11.64523	1.938437
11.66151	1.934023
11.67049	1.925369
11.6787	1.920727
11.68661	1.916487
11.71164	1.912536
11.72257	1.900398
11.73361	1.895314
11.74125	1.890416
11.75174	1.887065
11.76113	1.882736
11.77243	1.878904
11.78071	1.874629
11.79051	1.871521
11.79875	1.868177
11.80704	1.865365
11.81711	1.862813
11.8253	1.859771
11.84258	1.857516
11.86696	1.853121
11.87971	1.848123
11.88637	1.845916
11.8966	1.84505
11.90354	1.843742
11.91555	1.843017
11.92386	1.842035
11.93501	1.841534
11.94262	1.841138
11.95298	1.840988
11.96149	1.841095
11.97204	1.841251
11.98024	1.84184
11.99089	1.842309
12.01172	1.843373
12.03093	1.845963
12.04083	1.849176
12.0523	1.851044
12.0609	1.853628
12.07225	1.855599
12.08126	1.858586
12.09074	1.861001
12.09953	1.863833
12.10691	1.86646
12.11675	1.868893
12.12446	1.872156
12.13507	1.874851
12.14255	1.878692
12.16923	1.881471
12.18136	1.892083
12.20008	1.897125
12.2115	1.905231
12.21977	1.910363
12.22831	1.914075
12.23877	1.918018
12.24772	1.922842
12.25865	1.927041
12.26771	1.932179
12.28014	1.936481
12.29011	1.942386
12.29914	1.947135
12.32177	1.951431
12.33637	1.962137
12.34494	1.968956
12.35706	1.972908
12.36551	1.978442
12.38345	1.982231
12.39422	1.99012
12.4027	1.994705
12.41489	1.99826
12.42253	2.003203
12.43596	2.006243
12.44355	2.011373
12.45492	2.014178
12.47879	2.01823
12.48913	2.026205
12.50293	2.029317
12.51586	2.033324
12.52387	2.036741
12.53592	2.038725
12.54421	2.041491
12.56161	2.04324
12.57365	2.046536
12.58288	2.048402
12.59215	2.049723
12.6006	2.050806
12.6116	2.051768
12.63147	2.052621
12.64125	2.053708
12.65153	2.054029
12.65916	2.054015
12.66843	2.054004
12.67899	2.053661
12.68729	2.053233
12.69769	2.052616
12.70542	2.051795
12.71697	2.050982
12.72469	2.049639
12.73541	2.048572
12.74381	2.046937
12.76186	2.045526
12.77254	2.042091
12.79911	2.039744
12.81082	2.033321
12.82093	2.030082
12.83221	2.027239
12.84016	2.0238
12.85056	2.021373
12.85856	2.017959
12.86697	2.015332
12.87835	2.012429
12.88606	2.008459
12.89699	2.005665
12.90488	2.001657
12.91678	1.998696
12.92467	1.994162
12.95707	1.991102
12.96852	1.978261
12.97981	1.973635
12.98775	1.969063
12.99904	1.96584
13.006	1.961251
13.01723	1.958432
13.02424	1.95389
13.03562	1.951074
13.0441	1.946525
13.05487	1.943172
13.06298	1.938956
13.07337	1.935813
13.08168	1.931862
13.1065	1.928726
13.12577	1.919745
13.13636	1.913124
13.14593	1.909629
13.15624	1.906602
13.16431	1.903425
13.17379	1.901042
13.18267	1.898349
13.19375	1.895895
13.20137	1.893038
13.21277	1.891111
13.22044	1.888491
13.23181	1.886742
13.25378	1.884464
13.26526	1.88049
13.27683	1.878714
13.28431	1.877124
13.296	1.876237
13.30336	1.875013
13.32092	1.874354
13.33036	1.873133
13.34008	1.872777
13.35152	1.872413
13.36012	1.872363
13.3705	1.87233
13.37902	1.872632
13.38742	1.87288
13.41511	1.873362
13.4249	1.875536
13.43585	1.876597
13.445	1.877951
13.45591	1.879232
13.46557	1.880908
13.47819	1.882548
13.48639	1.884845
13.49707	1.886504
13.5043	1.888729
13.5214	1.890339
13.54147	1.894347
13.56757	1.899495
13.57907	1.90682
13.5868	1.910193
13.59695	1.912568
13.60472	1.915704
13.61514	1.918171
13.6235	1.921527
13.63408	1.924257
13.64133	1.927778
13.65143	1.9302
13.66015	1.93364
13.66997	1.936611
13.67859	1.940007
13.6864	1.942985
13.70197	1.945699
13.72557	1.951115
13.73609	1.959294
13.74472	1.962914
13.75433	1.965856
13.76369	1.969105
13.77603	1.972239
13.78438	1.976306
13.79544	1.979005
13.8028	1.982526
13.8131	1.984829
13.8209	1.987967
13.83118	1.990327
13.83934	1.993295
13.84793	1.995646
13.86659	1.997981
13.89031	2.002887
13.90117	2.008584
13.91216	2.011028
13.92073	2.013266
13.93119	2.014991
13.93885	2.016855
13.94745	2.01822
13.95681	2.019552
13.96514	2.020968
13.97522	2.02209
13.98282	2.023341
13.99351	2.024206
14.0006	2.025233
14.01081	2.025897
14.01872	2.026584
14.04976	2.027116
14.06357	2.028067
14.07374	2.028095
14.08223	2.027896
14.09204	2.027667
14.10074	2.027197
14.11095	2.026761
14.11843	2.025988
14.12689	2.025421
14.13713	2.024596
14.14602	2.023545
14.15674	2.022477
14.16489	2.021101
14.17573	2.019933
14.20051	2.018276
14.22003	2.013999
14.2295	2.010139
14.23565	2.00808
14.24227	2.006742
14.25157	2.00526
14.26028	2.003073
14.26885	2.001018
14.27551	1.998866
14.28224	1.997194
14.29039	1.995472
14.2971	1.993313
14.30432	1.991537
14.31403	1.989574
14.32137	1.98689
14.33138	1.984851
14.35077	1.981993
14.36116	1.976381
14.37111	1.973339
14.38444	1.970386
14.39364	1.966421
14.4005	1.963672
14.41014	1.961621
14.41724	1.958743
14.42406	1.956624
14.43432	1.954598
14.44126	1.951564
14.45043	1.949516
14.45768	1.946852
14.46676	1.944741
14.47739	1.942152
14.4855	1.93914
14.50825	1.936893
14.51847	1.930756
14.52702	1.928077
14.53667	1.925929
14.54427	1.923529
14.56118	1.921706
14.57319	1.917782
14.58112	1.915188
14.59067	1.913497
14.59881	1.911613
14.60597	1.910008
14.6156	1.908717
14.62236	1.907012
14.63245	1.905865
14.63994	1.904295
14.66087	1.903129
14.67246	1.900358
14.68104	1.899084
14.69033	1.898165
14.69895	1.897368
14.70629	1.896629
14.71673	1.896152
14.72373	1.895512
14.74067	1.895174
14.75026	1.894568
14.75784	1.894451
14.76587	1.894359
14.7754	1.894407
14.78273	1.894527
14.79341	1.894686
14.81307	1.895077
14.82313	1.896103
14.83307	1.896779
14.83998	1.897604
14.84841	1.898178
14.85745	1.899062
14.86579	1.900009
14.87508	1.901006
14.88286	1.902176
14.89189	1.903212
14.89973	1.904531
14.9066	1.905676
14.923	1.906804
14.9334	1.909562
14.94016	1.91146
14.95014	1.912695
14.97008	1.914668
14.98104	1.918748
14.99055	1.921077
14.99884	1.923199
15.00626	1.92505
15.01633	1.926768
15.02356	1.929118
15.03336	1.930833
15.04075	1.933197
15.05038	1.934987
15.05795	1.937372
15.06586	1.939246
15.07532	1.941227
15.08297	1.943611
15.09739	1.945544
15.10464	1.949207
15.12826	1.951049
15.13879	1.957037
15.14716	1.959692
15.15629	1.961776
15.16445	1.964045
15.17352	1.966045
15.18251	1.968247
15.19264	1.970407
15.20039	1.972787
15.21048	1.974603
15.2174	1.976878
15.2247	1.978436
15.23434	1.980029
15.24178	1.98209
15.2513	1.98366
15.26048	1.985574
15.28845	1.987412
15.29812	1.992494
15.30597	1.994143
15.31577	1.995384
15.3226	1.996894
15.33296	1.997901
15.34028	1.999314
15.35011	2.000308
15.35688	2.001465
15.36459	2.002262
15.37343	2.00308
15.3812	2.003947
15.39018	2.004685
15.39756	2.005383
15.40463	2.005957
15.41463	2.006409
15.43473	2.006976
15.44539	2.007808
15.46062	2.008077
15.47075	2.008288
15.47893	2.008222
15.48644	2.008168
15.50147	2.007985
15.51141	2.007544
15.51889	2.007068
15.52678	2.00671
15.53794	2.006197
15.54714	2.00544
15.55735	2.004681
15.56582	2.003795
15.59027	2.002954
15.6019	2.000213
15.61226	1.998763
15.62143	1.997334
15.63956	1.996047
15.64699	1.993278
15.6563	1.992048
15.66452	1.9905
15.67374	1.989081
15.68147	1.987437
15.69094	1.986044
15.69893	1.984257
15.70601	1.982749
15.71645	1.98136
15.73664	1.979297
15.74767	1.975187
15.75675	1.972886
15.76426	1.970977
15.77326	1.969381
15.78132	1.967453
15.79027	1.965724
15.79755	1.96379
15.80463	1.962216
15.82084	1.960684
15.83064	1.957175
15.83794	1.955067
15.84577	1.953497
15.85545	1.951831
15.86322	1.94978
15.87298	1.948147
15.89534	1.946126
15.90608	1.941589
15.91798	1.939479
15.9268	1.937184
15.93682	1.935546
15.94604	1.933706
15.95776	1.932078
15.96571	1.930053
15.97693	1.928748
15.98542	1.926943
16.00248	1.925649
16.01367	1.923164
16.0222	1.92167
16.03331	1.920565
16.05478	1.919252
16.06725	1.916951
16.07872	1.915799
16.08778	1.91482
16.09919	1.914181
16.1078	1.913403
16.11859	1.912953
16.1279	1.912407
16.13864	1.912076
16.14937	1.911723
16.15847	1.911536
16.1676	1.911398
16.18473	1.911396
16.19596	1.911528
16.21671	1.911759
16.22928	1.912467
16.24039	1.913093
16.25221	1.9137
16.26231	1.914531
16.27299	1.915277
16.28175	1.916197
16.29346	1.916976
16.30323	1.918154
16.31422	1.91918
16.32267	1.920437
16.33409	1.921437
16.34333	1.922888
16.35468	1.924101
16.38147	1.925679
16.4034	1.929643
16.41653	1.933158
16.42752	1.935354
16.43799	1.937243
16.44774	1.939065
16.45731	1.940804
16.46679	1.942522
16.47836	1.944244
16.48541	1.946359
16.49714	1.947656
16.50382	1.949818
16.51521	1.951051
16.53711	1.953154
16.54873	1.957175
16.55912	1.959283
16.56789	1.961161
16.58458	1.962713
16.59407	1.965635
16.60137	1.967259
16.61133	1.968499
16.61988	1.970144
16.62946	1.971555
16.63906	1.973066
16.64707	1.97458
16.65617	1.975782
16.66455	1.97714
16.67413	1.978344
16.69458	1.979679
16.70448	1.982371
16.71506	1.98359
16.72217	1.984824
16.73206	1.985627
16.73969	1.986655
16.74778	1.987448
16.75693	1.988183
16.76472	1.989009
16.78097	1.989646
16.7902	1.990867
16.79779	1.991431
16.80489	1.991894
16.816	1.992256
16.82333	1.992771
16.83344	1.993058
16.85266	1.993369
16.86396	1.993767
16.8732	1.99388
16.88137	1.993879
16.89082	1.993857
16.89863	1.993712
16.90603	1.993593
16.91612	1.993391
16.92307	1.993088
16.93302	1.992835
16.9407	1.99239
16.95029	1.992036
16.95755	1.991472
16.96525	1.991045
16.98104	1.990521
16.99052	1.989367
17.01081	1.988562
17.02068	1.98671
17.03114	1.985747
17.03868	1.98462
17.04772	1.983807
17.05683	1.982756
17.06493	1.981684
17.07405	1.980685
17.08188	1.97953
17.09148	1.978523
17.09944	1.977231
17.10659	1.97616
17.11678	1.975153
17.12351	1.973715
17.13383	1.972743
17.14112	1.971227
17.16682	1.970151
17.18532	1.966238
17.20097	1.963368
17.21153	1.960918
17.219	1.959258
17.22701	1.958084
17.237	1.956829
17.24464	1.955265
17.25447	1.954077
17.26217	1.952556
17.27241	1.951371
17.2802	1.949817
17.2895	1.948636
17.29787	1.947264
17.31768	1.946031
17.32857	1.943204
17.33759	1.94171
17.34557	1.940485
17.36147	1.939445
17.37028	1.937421
17.37799	1.936367
17.3856	1.935446
17.39544	1.934588
17.40219	1.933505
17.41193	1.932784
17.41877	1.93181
17.42681	1.931128
17.43594	1.930399
17.44387	1.929585
17.45327	1.928924
17.47457	1.928195
17.48557	1.926719
17.49593	1.926067
17.50312	1.925516
17.51346	1.925173
17.52143	1.924753
17.53733	1.924448
17.5444	1.924005
17.55418	1.923863
17.5617	1.923715
17.57101	1.923623
17.57918	1.923604
17.58675	1.923588
17.59654	1.92366
17.6035	1.923766
17.62703	1.923886
17.63676	1.92452
17.64629	1.924862
17.65758	1.925275
17.66595	1.92581
17.67687	1.926264
17.68405	1.926884
17.69393	1.927337
17.70082	1.928006
17.7171	1.928481
17.7238	1.929756
17.73362	1.930316
17.74567	1.931174
17.75679	1.932277
17.78306	1.933344
17.7962	1.936067
17.80434	1.937523
17.81564	1.938451
17.82258	1.939773
17.83346	1.940597
17.84096	1.941926
17.8516	1.942846
17.86133	1.94419
17.87102	1.945423
17.87897	1.946678
17.8864	1.947707
17.89936	1.948683
17.9057	1.950391
17.91528	1.951232
17.93509	1.952504
17.94666	1.955136
17.9559	1.956668
17.96339	1.957886
17.97396	1.958867
17.98227	1.96024
17.99209	1.961312
17.99849	1.962557
18.00617	1.963368
18.01558	1.964316
18.02231	1.965472
18.0311	1.966285
18.03841	1.967319
18.04598	1.96818
18.06076	1.969034
18.07017	1.97068
18.09006	1.971666
18.10124	1.973674
18.1113	1.974749
18.1182	1.975641
18.12665	1.976253
18.13513	1.976941
18.14244	1.977614
18.15131	1.978171
18.15894	1.978789
18.16686	1.97932
18.17681	1.979804
18.18419	1.9804
18.19496	1.980799
18.20211	1.981334
18.21204	1.981666
18.21947	1.98205
18.22713	1.982338
18.25583	1.982559
18.26544	1.983188
18.27463	1.983289
18.28252	1.983338
18.29279	1.983353
18.30014	1.983295
18.31003	1.983252
18.31747	1.983089
18.32539	1.982967
18.335	1.98278
18.34307	1.982522
18.35294	1.982272
18.36175	1.981902
18.37097	1.981554
18.37902	1.981116
18.39812	1.980733
18.40882	1.979652
18.42352	1.978962
18.43322	1.977962
18.44029	1.977241
18.45045	1.976714
18.45926	1.975881
18.46645	1.975159
18.47627	1.974527
18.48322	1.973655
18.49311	1.973018
18.50049	1.97208
18.51053	1.971378
18.51788	1.970373
18.52485	1.969637
18.53428	1.968919
18.55473	1.967933
18.56535	1.965745
18.574	1.964585
18.58271	1.963629
18.59934	1.96266
18.6061	1.960792
18.61668	1.960029
18.62419	1.958832
18.63374	1.957983
18.64079	1.956903
18.65062	1.956107
18.65836	1.955006
18.66628	1.954139
18.67791	1.953264
18.68668	1.951983
18.70969	1.951036
18.71961	1.9486
18.72816	1.94757
18.73817	1.946719
18.74657	1.945723
18.75621	1.944922
18.76693	1.944013
18.78625	1.943042
18.79723	1.941373
18.80439	1.940472
18.81521	1.939915
18.82247	1.939103
18.83255	1.938577
18.84035	1.937897
18.86214	1.937373
18.87235	1.936095
18.88059	1.935572
18.88984	1.935156
18.89775	1.934763
18.90524	1.934427
18.91483	1.934154
18.92175	1.933831
18.93113	1.933614
18.93816	1.933382
18.94701	1.933207
18.96278	1.933051
18.97196	1.932828
18.98022	1.93277
18.98985	1.93272
18.99789	1.93275
19.01744	1.932774
19.02791	1.932994
19.03715	1.933191
19.04515	1.933385
19.05527	1.933595
19.06348	1.933891
19.07246	1.934158
19.08054	1.934489
19.08997	1.934791
19.09782	1.93521
19.10466	1.93556
19.11392	1.935896
19.12069	1.936372
19.13162	1.936725
19.13877	1.937361
19.14656	1.937778
19.16292	1.938276
19.18675	1.939356
19.19842	1.941091
19.20583	1.941988
19.21616	1.942584
19.22313	1.943423
19.23344	1.944001
19.24033	1.944878
19.25014	1.945464
19.25879	1.946328
19.26617	1.94709
19.27622	1.947754
19.28355	1.948664
19.29346	1.949333
19.30091	1.950246
19.31131	1.950934
19.33126	1.951902
19.34807	1.953762
19.35708	1.955328
19.3655	1.956164
19.37631	1.956939
19.38311	1.957929
19.39348	1.958546
19.40139	1.959475
19.41153	1.96018
19.41895	1.961061
19.42702	1.961706
19.43606	1.962384
19.44393	1.963139
19.45337	1.96378
19.46099	1.964529
19.47301	1.96513
19.4942	1.966028
19.50456	1.967535
19.51478	1.96823
19.52171	1.968886
19.53847	1.969321
19.5463	1.970301
19.55535	1.970719
19.56265	1.971192
19.57165	1.971556
19.57953	1.971965
19.5867	1.972323
19.59624	1.972597
19.60277	1.972957
19.61295	1.973184
19.62003	1.973498
19.62996	1.973715
19.64954	1.973943
19.66035	1.974313
19.66975	1.974471
19.67773	1.974535
19.68534	1.974591
19.69514	1.974602
19.70289	1.974596
19.71468	1.974568
19.72182	1.974472
19.73859	1.974401
19.74642	1.974143
19.7557	1.973978
19.76354	1.97377
19.7731	1.973572
19.78137	1.973294
19.80397	1.973046
19.81538	1.972209
19.82251	1.971727
19.83318	1.971411
19.84023	1.970896
19.85016	1.970554
19.85896	1.970021
19.8674	1.969548
19.87849	1.969057
19.88652	1.968406
19.89763	1.967905
19.90586	1.967203
19.91689	1.96666
19.92309	1.965921
19.93979	1.965495
19.9599	1.96432
19.96964	1.962852
19.97944	1.96212
19.98578	1.961384
19.99578	1.960899
20.00258	1.960133
20.01352	1.95961
20.02082	1.958763
20.03067	1.958198
20.0379	1.957433
20.04633	1.956872
20.05585	1.956221
20.06353	1.955487
20.0717	1.954897
20.07907	1.954275
20.08673	1.953713
20.1093	1.953141
20.12626	1.951479
20.13535	1.95027
20.14278	1.949637
20.15292	1.949129
20.16151	1.948456
20.1708	1.947892
20.17822	1.947311
20.18557	1.946847
20.1956	1.94641
20.20172	1.945825
20.21182	1.945475
20.21926	1.944932
20.22697	1.944532
20.23617	1.944152
20.24354	1.943703
20.26608	1.943362
20.27662	1.942414
20.28425	1.942014
20.29493	1.941748
20.30208	1.941404
20.31886	1.941185
20.3261	1.940743
20.33519	1.940588
20.34238	1.940403
20.35117	1.940272
20.35949	1.940151
20.3672	1.940036
20.37743	1.939978
20.38486	1.939904
20.39456	1.939883
20.41513	1.939877
20.42604	1.93996
20.43585	1.940061
20.44629	1.940178
20.45954	1.94034
20.47061	1.940577
20.483	1.940834
20.49525	1.941139
20.50369	1.941488
20.52592	1.94175
20.53925	1.94254
20.54987	1.943062
20.58254	1.943526
20.59733	1.945076
20.60571	1.945844
20.61988	1.946299
20.62934	1.947081
20.64213	1.947631
20.65553	1.94838
20.66533	1.949194
20.67823	1.9498
20.68732	1.95061
20.70044	1.951193
20.74254	1.952039
20.75682	1.954814
20.76579	1.955761
20.77874	1.956354
20.78787	1.957207
20.79906	1.957801
20.80857	1.958528
20.81903	1.959133
20.82821	1.959798
20.83901	1.960364
20.84751	1.961028
20.85945	1.961532
20.88521	1.962236
20.90063	1.963663
20.91299	1.964469
20.9201	1.965069
20.93857	1.965413
20.95092	1.966224
20.96665	1.966717
20.97715	1.967306
20.98426	1.967671
20.9965	1.967894
21.00338	1.968251
21.01461	1.968434
21.03888	1.968705
21.04944	1.969176
21.06096	1.96931
21.07216	1.969445
21.08027	1.969516
21.08956	1.969567
21.09725	1.969574
21.10512	1.96958
21.12081	1.969558
21.13266	1.96948
21.14138	1.969361
21.15069	1.969266
21.15904	1.969126
21.1671	1.968999
21.197	1.968842
21.20703	1.968163
21.22348	1.967884
21.23392	1.967388
21.24349	1.967036
21.25444	1.966698
21.26254	1.966281
21.27196	1.965964
21.28073	1.965569
21.29713	1.965199
21.30307	1.964455
21.31399	1.964175
21.32155	1.963647
21.34468	1.963276
21.35374	1.962085
21.36185	1.961602
21.37081	1.961168
21.37853	1.960675
21.38643	1.960251
21.39618	1.959809
21.40301	1.95926
21.41224	1.958874
21.41903	1.958348
21.42657	1.957961
21.43674	1.957529
21.4454	1.956946
21.45369	1.95645
21.4621	1.955976
21.47871	1.955496
21.49899	1.954556
21.51027	1.953427
21.51896	1.952815
21.52665	1.952344
21.53555	1.951941
21.54341	1.951476
21.55376	1.951072
21.56119	1.950555
21.57047	1.950187
21.5782	1.949747
21.58615	1.949381
21.59493	1.949022
21.60163	1.948632
21.61082	1.948339
21.61816	1.947961
21.62607	1.947659
21.64936	1.947355
21.66613	1.946513
21.67541	1.945969
21.68217	1.945692
21.69075	1.945498
21.69808	1.945277
21.70471	1.945088
21.71338	1.944937
21.72099	1.944751
21.73029	1.944592
21.73713	1.944437
21.74441	1.944323
21.75546	1.944224
21.76678	1.944095
21.7777	1.943997
21.79666	1.943923
21.80616	1.943879
21.81534	1.943892
21.823	1.94392
21.83848	1.943957
21.84629	1.944077
21.85522	1.944166
21.86318	1.944276
21.87189	1.944387
21.87931	1.944531
21.88667	1.944654
21.89652	1.944802
21.90327	1.945003
21.91292	1.945154
21.91949	1.945386
21.9278	1.945545
21.93812	1.945771
21.95945	1.946053
21.96841	1.946713
21.97972	1.947017
21.9953	1.947403
22.00563	1.947981
22.0207	1.948379
22.02999	1.948978
22.03684	1.94937
22.04592	1.94966
22.05439	1.950056
22.06156	1.950433
22.06987	1.950752
22.08542	1.95113
