0	0
0,02	1,502924
0,3533334	1,502795
0,4586543	0,9848783
0,5231233	0,7492777
0,5489056	0,6587776
0,5599526	0,6121228
0,566305	0,5833206
0,5758902	0,5913417
0,5820599	0,5695102
0,5921825	0,5752349
0,5991508	0,5557055
0,6048706	0,5422618
0,6206818	0,5484583
0,631838	0,5357006
0,6378043	0,5224481
0,6438825	0,5153608
0,6537377	0,5175587
0,6626182	0,5096523
0,6768013	0,5076004
0,685652	0,5017883
0,707167	0,5005343
0,7174639	0,4992983
0,7245175	0,5032303
0,7344837	0,5000451
0,742103	0,5077617
0,7520815	0,5030109
0,7582269	0,5145882
0,7727273	0,5217179
0,7887033	0,5281546
0,797797	0,537115
0,8037319	0,5544063
0,8134654	0,5447829
0,8200948	0,5666938
0,8295889	0,5561635
0,8357453	0,5806758
0,8412597	0,5965712
0,8494586	0,5826634
0,8550202	0,6063861
0,8613626	0,6224777
0,8749011	0,6098419
0,8815938	0,652891
0,8921896	0,6406533
0,8992732	0,6771213
0,90606	0,7015005
0,9156085	0,69005
0,9215186	0,7251593
0,9354784	0,7089475
0,9420853	0,7631112
0,9682581	0,7491356
0,9794884	0,8149878
0,9868692	0,8620769
0,996487	0,8513582
1,001755	0,8927188
1,020726	0,8724031
1,030618	0,9119574
1,03747	0,9555994
1,04392	0,9858357
1,052718	0,9708514
1,059579	1,009698
1,065495	1,039994
1,076403	1,022825
1,083626	1,070641
1,099359	1,059632
1,106208	1,127546
1,119176	1,115053
1,126114	1,169659
1,136879	1,157999
1,143218	1,201869
1,152243	1,188801
1,158908	1,22406
1,164832	1,250095
1,173542	1,235906
1,179327	1,268188
1,185558	1,289631
1,198619	1,277372
1,204555	1,322782
1,212274	1,31073
1,219126	1,335581
1,226274	1,357638
1,235669	1,350136
1,242721	1,377715
1,250171	1,371865
1,255899	1,391441
1,263592	1,406497
1,273553	1,40305
1,279904	1,425958
1,285733	1,440561
1,294608	1,432909
1,302977	1,450236
1,323109	1,450006
1,33206	1,46903
1,338263	1,479892
1,345298	1,487419
1,353193	1,485895
1,361021	1,49243
1,37131	1,494348
1,378951	1,498825
1,385213	1,50215
1,394371	1,502534
1,400821	1,502891
1,409833	1,506424
1,416235	1,503201
1,422153	1,500911
1,436237	1,505402
1,442595	1,494824
1,451699	1,500294
1,457536	1,489927
1,462877	1,483281
1,471565	1,491058
1,477931	1,477875
1,483272	1,468214
1,492531	1,477448
1,498216	1,460009
1,50425	1,449301
1,51792	1,458409
1,527613	1,42788
1,537779	1,428911
1,543603	1,402825
1,552738	1,415022
1,559778	1,388722
1,565708	1,368456
1,575898	1,380815
1,581715	1,348544
1,598491	1,36331
1,608452	1,305765
1,760963	1,305537
1,854514	0,9997299
1,894849	0,7687112
1,912441	0,6915408
1,928153	0,6649805
1,942324	0,6453577
1,953221	0,6301237
1,95999	0,601405
1,96807	0,5835677
1,979643	0,5874265
1,986713	0,5607115
2,003347	0,565832
2,015473	0,5499653
2,021528	0,5305616
2,032542	0,5333291
2,040118	0,5198394
2,050869	0,5187242
2,057906	0,5096855
2,066413	0,5037692
2,084971	0,5034145
2,096581	0,497458
2,103837	0,4968262
2,117396	0,4945
2,125538	0,4991213
2,138773	0,4967796
2,147058	0,506483
2,162701	0,5042168
2,174173	0,5079933
2,182144	0,5251688
2,194164	0,5195656
2,201301	0,5419476
2,213917	0,5339592
2,222248	0,5618727
2,234107	0,5560695
2,241011	0,5862473
2,256311	0,5761154
2,262299	0,6198361
2,272333	0,6067716
2,279449	0,6383368
2,285311	0,6607214
2,296514	0,6471758
2,303255	0,6853778
2,313073	0,6734561
2,319354	0,7092685
2,328545	0,7321788
2,347365	0,7297635
2,358712	0,7641547
2,36711	0,8098681
2,379669	0,8038867
2,388793	0,8562891
2,401982	0,8534061
2,419462	0,8674161
2,426452	0,9436226
2,436745	0,9313633
2,443168	0,9766703
2,453472	0,9619293
2,460515	1,007358
2,470399	0,9956704
2,477401	1,038968
2,484155	1,069639
2,500415	1,056895
2,510751	1,08598
2,517122	1,129585
2,523968	1,156468
2,535074	1,145077
2,543061	1,190466
2,553451	1,184498
2,561453	1,225249
2,570501	1,220191
2,579032	1,253903
2,587002	1,285684
2,604229	1,279882
2,621249	1,307693
2,631752	1,333914
2,639438	1,365041
2,646825	1,387822
2,657833	1,381955
2,665281	1,411225
2,674028	1,406814
2,680317	1,42722
2,689846	1,422661
2,696059	1,441603
2,702481	1,453954
2,711806	1,450234
2,722477	1,465405
2,740387	1,469885
2,750001	1,48396
2,757761	1,492306
2,765063	1,499043
2,774838	1,499003
2,781512	1,503662
2,79124	1,505692
2,798389	1,506481
2,804311	1,50706
2,815036	1,509123
2,822117	1,505742
2,832107	1,50978
2,839179	1,502697
2,845985	1,497683
2,86027	1,501402
2,871377	1,500165
2,879449	1,483769
2,887346	1,471853
2,897542	1,475593
2,904456	1,4568
2,914657	1,463985
2,921969	1,441601
2,937978	1,449624
2,944125	1,409143
2,955184	1,42007
2,962795	1,388621
2,973885	1,396729
2,980595	1,361977
2,990527	1,373909
2,997734	1,340147
3,00367	1,315648
3,019259	1,330004
3,026003	1,273287
3,034979	1,284908
3,041372	1,250362
3,051157	1,26465
3,057919	1,225231
3,063761	1,197988
3,073382	1,214453
3,079859	1,1743
3,086038	1,147272
3,100515	1,162441
3,112587	1,142754
3,120103	1,090096
3,133343	1,100102
3,141296	1,041785
3,154401	1,049617
3,16222	0,9917955
3,180461	0,9999179
3,191861	0,9618803
3,199903	0,9126154
3,208216	0,8778633
3,220796	0,8836594
3,235067	0,8702312
3,244618	0,8118317
3,265688	0,8114717
3,276293	0,7658962
3,28248	0,726323
3,297527	0,737667
3,307671	0,6849254
3,322495	0,6827252
3,347479	0,6639143
3,368907	0,6177123
3,382205	0,5860065
3,395564	0,5748097
3,407143	0,5481118
3,427212	0,5432245
3,450621	0,5250841
3,464857	0,5078653
3,477078	0,501735
3,484601	0,4957252
3,498607	0,4945415
3,507416	0,4931771
3,528791	0,4921154
3,539541	0,4949833
3,547716	0,5023996
3,562443	0,5003363
3,574465	0,5027614
3,582168	0,5202353
3,593949	0,5143269
3,602827	0,5357534
3,630269	0,5316156
3,646391	0,5700915
3,662348	0,5849478
3,674747	0,6002724
3,68226	0,6388259
3,707924	0,6298643
3,721849	0,6831995
3,738604	0,6967168
3,750277	0,7608068
3,769727	0,7683394
3,796495	0,8072724
3,816401	0,8788023
3,835768	0,9228269
3,85166	0,9651276
3,873291	0,9924085
3,887808	1,044975
3,901537	1,066345
3,916855	1,084738
3,927221	1,149469
3,951708	1,15287
3,966613	1,213455
3,983928	1,234898
4,001021	1,265101
4,013215	1,293764
4,020874	1,333644
4,031344	1,329868
4,039291	1,361209
4,049069	1,384995
4,059674	1,385875
4,067359	1,414421
4,085698	1,410216
4,097515	1,432517
4,105424	1,456458
4,118225	1,454843
4,128615	1,476183
4,140684	1,478201
4,151387	1,485172
4,160481	1,494933
4,172022	1,498418
4,180354	1,504439
4,190766	1,507832
4,197656	1,509154
4,203047	1,51003
4,219489	1,512503
4,226268	1,508084
4,23538	1,510571
4,24159	1,504538
4,251076	1,510315
4,256857	1,500356
4,262823	1,494287
4,270758	1,501096
4,277164	1,489751
4,28269	1,480594
4,292294	1,489383
4,299135	1,47212
4,306134	1,459823
4,324095	1,466124
4,333267	1,450369
4,340155	1,427549
4,349598	1,437663
4,357285	1,411177
4,364333	1,38962
4,375401	1,398697
4,380961	1,364418
4,397732	1,379599
4,403803	1,323161
4,413892	1,336761
4,419534	1,30037
4,426326	1,280019
4,4372	1,29113
4,444187	1,249588
4,454558	1,260809
4,463376	1,219285
4,480856	1,223562
4,490927	1,192018
4,498281	1,14901
4,504497	1,117602
4,515074	1,13265
4,520635	1,086622
4,53053	1,104786
4,536834	1,061262
4,5431	1,033535
4,558459	1,048429
4,564798	0,9806987
4,574107	0,9950584
4,581112	0,9542338
4,591262	0,9651501
4,598213	0,9212313
4,604632	0,8911543
4,613828	0,904431
4,620604	0,865503
4,633757	0,876229
4,640221	0,8222253
4,650439	0,8334937
4,657959	0,7931857
4,664255	0,7635226
4,674274	0,7754099
4,681101	0,737818
4,697968	0,7461931
4,703535	0,6866697
4,713338	0,6992264
4,719311	0,667094
4,725503	0,6475177
4,735543	0,65738
4,742104	0,6272677
4,750926	0,6339251
4,757467	0,6101075
4,763012	0,5924493
4,778715	0,6010267
4,784878	0,5636863
4,796279	0,5699632
4,80239	0,5467448
4,812721	0,5509505
4,81972	0,5336125
4,825452	0,5218647
4,83506	0,5264678
4,84143	0,5139167
4,857421	0,5146519
4,864143	0,4998606
4,873587	0,5000111
4,88028	0,4949516
4,889926	0,4924369
4,896022	0,4910669
4,902695	0,4902015
4,912403	0,4874766
4,918631	0,4899294
4,92488	0,4915032
4,939523	0,4883777
4,946749	0,4978255
4,956841	0,4947623
4,963759	0,5051831
4,974241	0,4997673
4,980474	0,5145569
4,989304	0,5060148
4,996192	0,5217013
5,002415	0,5339365
5,013434	0,5249854
5,019746	0,5484475
5,026393	0,5618867
5,040077	0,5541142
5,050435	0,5607893
5,057058	0,5895991
5,062636	0,6080215
5,071859	0,5944313
5,078312	0,6227857
5,083788	0,6426235
5,094268	0,628022
5,100832	0,6630609
5,130464	0,6504672
5,143357	0,7222098
5,151747	0,7333068
5,15812	0,7667071
5,164204	0,7920777
5,173348	0,7770072
5,179001	0,8147887
5,18438	0,8381466
5,198296	0,8198472
5,20509	0,8789905
5,21667	0,8665086
5,223577	0,9166974
5,23385	0,9046206
5,240397	0,9496603
5,250692	0,9360983
5,257964	0,9813893
5,264522	1,013382
5,283345	1,000132
5,299906	1,040966
5,306809	1,11258
5,316127	1,101336
5,322238	1,14079
5,331162	1,127159
5,338099	1,163841
5,344818	1,192356
5,35994	1,181555
5,367095	1,241337
5,37631	1,2325
5,38322	1,267192
5,392456	1,258879
5,3997	1,291627
5,407339	1,317312
5,41643	1,311395
5,423576	1,341377
5,432168	1,335433
5,44018	1,361414
5,450876	1,359943
5,460472	1,389091
5,478856	1,392547
5,487198	1,436755
5,498151	1,43511
5,504564	1,457724
5,515231	1,453523
5,5226	1,471742
5,53335	1,471108
5,54082	1,485485
5,550515	1,486568
5,558112	1,495837
5,565616	1,503099
5,574361	1,503228
5,58222	1,508184
5,591777	1,510675
5,59908	1,512327
5,606149	1,513589
5,620347	1,515064
5,63028	1,518202
5,637709	1,512081
5,64432	1,507503
5,655549	1,511892
5,662952	1,500616
5,673395	1,505811
5,68049	1,491352
5,696923	1,498613
5,703965	1,469798
5,713304	1,476661
5,721163	1,456964
5,730654	1,463812
5,736243	1,440591
5,742846	1,426914
5,751675	1,436681
5,759337	1,412263
5,766199	1,391072
5,776041	1,399886
5,783248	1,369738
5,798274	1,378958
5,804416	1,328863
5,813915	1,341768
5,820467	1,307773
5,830259	1,320704
5,836353	1,283538
5,843073	1,260412
5,851632	1,272539
5,85797	1,238459
5,863553	1,213218
5,875782	1,230066
5,881519	1,179468
5,890754	1,196292
5,897535	1,156989
5,904486	1,128125
5,914089	1,139686
5,920609	1,097996
5,929163	1,11164
5,935484	1,074071
5,942031	1,046314
5,950467	1,05963
5,957113	1,022451
5,96368	0,9931628
5,977727	1,006176
5,983769	0,9445482
5,992648	0,9595338
5,99974	0,9210678
6,007267	0,8903443
6,017671	0,8987488
6,024065	0,8546118
6,034039	0,8670951
6,041837	0,8260158
6,056796	0,8317736
6,062594	0,7725128
6,070763	0,7857838
6,076292	0,7549677
6,081578	0,7341096
6,089859	0,7481472
6,095876	0,7187257
6,102229	0,6973469
6,114107	0,70657
6,122118	0,6673137
6,131575	0,6700143
6,139154	0,6413618
6,145791	0,618395
6,160981	0,6257259
6,17188	0,6071513
6,178813	0,5808427
6,184464	0,5641053
6,194121	0,5713372
6,20006	0,5513008
6,209867	0,5549252
6,21768	0,5380712
6,231926	0,5246429
6,241719	0,5169408
6,251399	0,5131115
6,258372	0,5037516
6,265238	0,4970087
6,274938	0,4974027
6,281269	0,4917886
6,295954	0,4898614
6,302765	0,4871358
6,313082	0,4844292
6,319906	0,4865831
6,327937	0,4880074
6,34016	0,4865186
6,34952	0,4839553
6,355757	0,493215
6,362186	0,4993848
6,379308	0,4929792
6,386395	0,5164181
6,39567	0,5113691
6,402359	0,5274814
6,411966	0,5194767
6,41828	0,5395672
6,423933	0,5527725
6,433225	0,5422642
6,440157	0,5648274
6,453168	0,5550636
6,459268	0,5908028
6,466756	0,6075569
6,476818	0,6006818
6,482972	0,6312869
6,4929	0,6188043
6,500376	0,651702
6,510751	0,6422684
6,517621	0,6791973
6,524657	0,7036526
6,538505	0,6933812
6,544943	0,7456492
6,55609	0,7328107
6,562285	0,7769506
6,572867	0,7623386
6,579175	0,8058727
6,586636	0,831821
6,596841	0,8226949
6,60391	0,8659202
6,618044	0,8548219
6,623966	0,9159286
6,633372	0,899929
6,640667	0,9410999
6,650757	0,9311312
6,657508	0,9754859
6,663077	1,005166
6,672994	0,9879162
6,679259	1,031347
6,692577	1,058789
6,702749	1,075361
6,713183	1,07894
6,718625	1,123209
6,724544	1,146296
6,733464	1,131867
6,740356	1,168638
6,748559	1,159539
6,754483	1,192097
6,761174	1,215605
6,777596	1,206325
6,783982	1,268455
6,792446	1,258262
6,799614	1,288457
6,806797	1,314031
6,815793	1,306899
6,822445	1,336796
6,82993	1,329757
6,837299	1,352599
6,844022	1,37509
6,853022	1,368785
6,860161	1,393589
6,86889	1,390639
6,875211	1,41192
6,880924	1,42733
6,888831	1,421616
6,894617	1,438224
6,900721	1,450376
6,909664	1,447017
6,91631	1,462627
6,923131	1,474227
6,931558	1,472571
6,938257	1,484172
6,945993	1,493394
6,954799	1,492983
6,961606	1,501758
6,977204	1,502835
6,987215	1,512324
7,001005	1,514227
7,010972	1,519188
7,018018	1,517395
7,026186	1,516126
7,037859	1,518336
7,046808	1,51164
7,059545	1,513645
7,066453	1,501382
7,075948	1,50565
7,081856	1,49289
7,098198	1,501131
7,106691	1,473129
7,11789	1,476391
7,126085	1,453204
7,135166	1,457557
7,1433	1,435675
7,152576	1,441401
7,159666	1,416075
7,165565	1,396715
7,17519	1,408121
7,181966	1,378956
7,197182	1,389606
7,203529	1,339344
7,215283	1,351507
7,222842	1,309774
7,233912	1,31833
7,240142	1,276597
7,249555	1,290832
7,256179	1,253556
7,263377	1,227325
7,27198	1,237471
7,278748	1,202042
7,28623	1,17417
7,301965	1,1829
7,311137	1,157104
7,318264	1,117395
7,325612	1,08654
7,335922	1,096009
7,343102	1,050812
7,353522	1,061007
7,360454	1,01513
7,373242	1,026155
7,378918	0,9700553
7,384919	0,945159
7,394297	0,9600955
7,40031	0,9194375
7,410253	0,9335096
7,417093	0,8912568
7,424431	0,8621886
7,434408	0,8704762
7,440463	0,829277
7,450043	0,8417948
7,46295	0,8037032
7,473449	0,7885864
7,482098	0,7487872
7,492831	0,7500273
7,500449	0,7116622
7,510175	0,7157568
7,517316	0,6833714
7,522808	0,6595947
7,532801	0,6706828
7,538444	0,6401283
7,544382	0,6228713
7,559153	0,6317843
7,565262	0,5910016
7,576666	0,5985174
7,583475	0,5706422
7,593245	0,5746505
7,600752	0,5540595
7,610034	0,5545883
7,6164	0,5383132
7,62313	0,5271482
7,63873	0,5290593
7,645372	0,5074526
7,658873	0,5092397
7,665802	0,4956679
7,675565	0,4962054
7,683438	0,4901701
7,694315	0,4881759
7,700341	0,4857185
7,716355	0,4822717
7,722929	0,4849632
7,731874	0,4812729
7,737534	0,4862871
7,74325	0,4894595
7,752046	0,4843059
7,758929	0,4926498
7,764638	0,4991794
7,773959	0,4931386
7,779948	0,5055261
7,786836	0,5134857
7,796291	0,5084558
7,80297	0,524493
7,819157	0,5168382
7,825507	0,5500315
7,835286	0,5416995
7,842405	0,5650588
7,852595	0,5566372
7,860277	0,5842422
7,87003	0,5761437
7,877164	0,6054623
7,883619	0,6269081
7,900385	0,6157405
7,910579	0,6369714
7,916949	0,6729406
7,923379	0,695419
7,932899	0,6829594
7,940184	0,7186242
7,94973	0,7083135
7,95707	0,7458713
7,963603	0,7747507
7,97781	0,7619327
7,984548	0,8200637
7,994644	0,8079691
8,001222	0,8505402
8,011756	0,8373272
8,018516	0,8827131
8,023882	0,9118342
8,033382	0,8936599
8,040322	0,9351355
8,054298	0,9237959
8,060542	0,9851277
8,071867	0,9710847
8,078382	1,020637
8,0841	1,049148
8,096643	1,033074
8,102744	1,08737
8,112175	1,073518
8,121281	1,113561
8,13694	1,113234
8,143121	1,177904
8,152192	1,165619
8,159114	1,201725
8,165607	1,229276
8,175423	1,218562
8,183345	1,255843
8,193117	1,251773
8,200706	1,28682
8,210336	1,282733
8,218044	1,314948
8,223881	1,340738
8,237445	1,330664
8,244252	1,37241
8,253394	1,366367
8,25883	1,391827
8,265071	1,406964
8,274033	1,400022
8,280964	1,422153
8,291181	1,419433
8,298044	1,441241
8,303778	1,45589
8,312781	1,450655
8,319546	1,4667
8,32595	1,478755
8,333409	1,475327
8,340684	1,485884
8,348067	1,486856
8,353479	1,494511
8,360336	1,500122
8,368838	1,501711
8,376316	1,507237
8,384937	1,512097
8,402594	1,514083
8,412358	1,519654
8,418698	1,518321
8,425127	1,517455
8,43352	1,520303
8,439751	1,515857
8,447378	1,512556
8,456931	1,515046
8,463416	1,506271
8,47445	1,511986
8,48316	1,497645
8,495128	1,501606
8,504006	1,481619
8,521868	1,485142
8,530452	1,471243
8,53758	1,450914
8,54388	1,434031
8,554043	1,443818
8,560663	1,416473
8,569683	1,427219
8,576864	1,400227
8,58274	1,378739
8,59178	1,391705
8,598008	1,362162
8,604436	1,341808
8,619535	1,353292
8,626615	1,300173
8,635768	1,309426
8,641932	1,275192
8,650578	1,289142
8,657254	1,255137
8,663483	1,228879
8,672622	1,242645
8,681417	1,205227
8,690596	1,209005
8,697861	1,170266
8,704435	1,139601
8,718949	1,152242
8,726317	1,089646
8,736933	1,098801
8,74318	1,052403
8,752652	1,066497
8,758768	1,02488
8,764917	0,9980065
8,779839	1,012357
8,78662	0,9469768
8,79651	0,958395
8,802162	0,9155273
8,812721	0,9312015
8,819959	0,8863013
8,827512	0,8555214
8,837964	0,8631306
8,847445	0,8198984
8,868689	0,819194
8,885272	0,7717204
8,895153	0,743333
8,90113	0,7078284
8,910609	0,7179126
8,916658	0,6861383
8,923094	0,6658615
8,938058	0,6738346
8,944909	0,6276932
8,955271	0,6339165
8,961567	0,6050068
8,971891	0,6108259
8,977767	0,5852579
8,984696	0,5707086
8,994575	0,5748061
9,001418	0,5536429
9,017106	0,5558043
9,02403	0,5277092
9,034691	0,5296153
9,041724	0,5144273
9,051638	0,5143031
9,058207	0,5039266
9,063948	0,4970521
9,0742	0,498145
9,080621	0,491367
9,094377	0,4892347
9,101002	0,4855194
9,111862	0,4822696
9,119261	0,4836069
9,12657	0,4845184
9,138645	0,4824312
9,145522	0,4886525
9,160486	0,4851139
9,170153	0,4859997
9,176434	0,4984127
9,18275	0,506478
9,192466	0,4993119
9,198425	0,5153472
9,205977	0,5251839
9,215724	0,5201715
9,222381	0,5397216
9,237643	0,531106
9,243361	0,5668941
9,253782	0,5555881
9,26051	0,5833813
9,271036	0,5728843
9,278038	0,6040986
9,28398	0,6248648
9,294302	0,6124139
9,300122	0,645875
9,313197	0,6313003
9,318492	0,6769687
9,324163	0,6954652
9,333961	0,6806762
9,341283	0,7170577
9,352494	0,7072082
9,359	0,7509887
9,365359	0,7763925
9,382223	0,7633259
9,393147	0,7922444
9,40028	0,8380635
9,409858	0,8272212
9,416149	0,8683059
9,422116	0,8952899
9,431486	0,8797506
9,437047	0,9205197
9,443584	0,9447111
9,458641	0,931829
9,464702	0,9977386
9,47506	0,9829829
9,48058	1,028245
9,491123	1,011596
9,497277	1,057204
9,50426	1,083828
9,514058	1,073794
9,521262	1,11542
9,535548	1,107122
9,541824	1,166211
9,550776	1,154608
9,557776	1,190328
9,563728	1,218268
9,573179	1,205825
9,579662	1,241865
9,585673	1,266586
9,59388	1,254843
9,59936	1,284428
9,606167	1,304183
9,622359	1,296067
9,631887	1,321321
9,638263	1,350893
9,644198	1,37068
9,652115	1,362006
9,658687	1,384288
9,666327	1,402784
9,674881	1,399421
9,681583	1,420826
9,690759	1,417355
9,697172	1,437269
9,704222	1,45119
9,712738	1,448635
9,719932	1,464141
9,726588	1,477238
9,739474	1,474034
9,745984	1,492798
9,754925	1,490668
9,761536	1,500323
9,76931	1,50116
9,77741	1,506561
9,783134	1,512189
9,79251	1,512917
9,798209	1,515767
9,804215	1,517499
9,812763	1,519344
9,81941	1,51858
9,826633	1,517986
9,836563	1,520097
9,843866	1,515309
9,857522	1,519288
9,864564	1,507391
9,874289	1,512084
9,879834	1,499907
9,886689	1,492962
9,896471	1,497933
9,904065	1,482056
9,919271	1,487636
9,925475	1,457501
9,941341	1,465874
9,951519	1,454116
9,958331	1,427172
9,965155	1,409137
9,974343	1,417853
9,980718	1,390741
9,991255	1,402623
9,998238	1,368605
10,00534	1,346062
10,01939	1,354986
10,02676	1,306073
10,03479	1,314162
10,04241	1,284365
10,0511	1,292676
10,05762	1,258778
10,06334	1,233314
10,07218	1,248928
10,07884	1,212992
10,08471	1,185886
10,09329	1,201071
10,09923	1,165055
10,10654	1,140149
10,1224	1,149331
10,13106	1,122125
10,13757	1,08441
10,1435	1,056076
10,15451	1,071382
10,16165	1,023149
10,17251	1,032959
10,17958	0,9854764
10,18582	0,9545327
10,19496	0,9681692
10,20109	0,9285841
10,21807	0,9419826
10,22432	0,8697485
10,23336	0,882424
10,24052	0,844951
10,24982	0,8527364
10,2565	0,8155645
10,26254	0,7888688
10,27222	0,8007888
10,27943	0,7638248
10,28582	0,7363051
10,30145	0,7467347
10,31237	0,7219803
10,31882	0,6851161
10,32604	0,6633737
10,33623	0,669397
10,34155	0,6377295
10,35044	0,6476636
10,35632	0,622622
10,36152	0,6060262
10,37476	0,6149018
10,38269	0,5816834
10,393	0,5825711
10,39907	0,5601207
10,40528	0,5468854
10,41626	0,5517735
10,4224	0,5316796
10,43396	0,5344223
10,44116	0,5174679
10,45746	0,5168936
10,46405	0,4991302
10,47426	0,4994043
10,48083	0,492189
10,4912	0,4900928
10,49738	0,4868093
10,50388	0,4848506
10,51419	0,4828286
10,52043	0,4836051
10,54421	0,4790678
10,56132	0,4829825
10,57454	0,4857011
10,58228	0,5020237
10,5935	0,4965584
10,60102	0,5145714
10,61068	0,5078005
10,61782	0,5267686
10,62428	0,5407892
10,64037	0,5325607
10,65078	0,544412
10,65687	0,5717744
10,66443	0,5877908
10,67378	0,5808232
10,68029	0,6082225
10,68971	0,5965995
10,69588	0,6268276
10,70325	0,6465985
10,71909	0,6379726
10,72744	0,6928282
10,73956	0,6882571
10,74708	0,7329701
10,75643	0,7251697
10,76367	0,7614741
10,7793	0,7517289
10,78689	0,8150028
10,7986	0,8069949
10,80689	0,8559237
10,81802	0,8507509
10,82608	0,8983397
10,83665	0,8921988
10,84375	0,9380882
10,85868	0,9278395
10,86478	0,9930956
10,87526	0,9786832
10,88289	1,024446
10,8959	1,017057
10,90463	1,073342
10,91982	1,071035
10,92797	1,135594
10,93915	1,130771
10,94591	1,17706
10,95515	1,167035
10,96148	1,203994
10,97056	1,193552
10,97778	1,228339
10,98402	1,255969
10,99479	1,245536
11,00201	1,284544
11,01796	1,279004
11,02646	1,333041
11,03529	1,331425
11,04186	1,359033
11,05066	1,353046
11,05818	1,378061
11,06381	1,399423
11,07436	1,391203
11,0808	1,417905
11,09124	1,414047
11,0986	1,437033
11,10618	1,453232
11,11643	1,451174
11,12306	1,470176
11,13172	1,468193
11,13896	1,481098
11,15092	1,491893
11,15948	1,496001
11,16606	1,505562
11,17522	1,504563
11,18183	1,511276
11,19014	1,51305
11,19813	1,515899
11,20544	1,518637
11,21663	1,52033
11,22368	1,519772
11,23363	1,522964
11,24061	1,51856
11,25568	1,523853
11,26293	1,511351
11,27297	1,516378
11,27973	1,50422
11,28634	1,496028
11,29779	1,501302
11,30472	1,483181
11,31505	1,489452
11,3222	1,469396
11,3393	1,476883
11,34767	1,437794
11,3608	1,441283
11,37214	1,434702
11,37903	1,401642
11,38545	1,38155
11,39491	1,391781
11,40159	1,361564
11,41776	1,372611
11,42469	1,316817
11,43457	1,326682
11,44123	1,290339
11,45135	1,302235
11,45755	1,262987
11,46448	1,238952
11,47382	1,249445
11,47963	1,211686
11,48557	1,188172
11,49457	1,202728
11,50111	1,165102
11,51735	1,177853
11,52413	1,108414
11,53275	1,119869
11,54061	1,082426
11,54993	1,089254
11,55694	1,048503
11,56279	1,017827
11,57273	1,033139
11,57969	0,9896967
11,58634	0,9592924
11,59701	0,9709324
11,60325	0,9247543
11,61906	0,9376615
11,62598	0,8703679
11,63526	0,8802185
11,64202	0,8416777
11,65139	0,8512124
11,6579	0,8136419
11,66411	0,787542
11,67441	0,7989599
11,68104	0,7595011
11,69484	0,767911
11,70052	0,7178259
11,70974	0,7286891
11,71558	0,6973807
11,72177	0,6775662
11,7315	0,6859125
11,73789	0,6554135
11,74375	0,6353797
11,75424	0,6442378
11,76059	0,614367
11,77743	0,6197011
11,78355	0,576915
11,79348	0,5826163
11,79906	0,5606565
11,80536	0,5483205
11,81505	0,5530361
11,82154	0,5349606
11,83126	0,5367651
11,83787	0,5221477
11,84389	0,5122025
11,86286	0,5144324
11,87784	0,5003297
11,88728	0,4891374
11,90251	0,4874711
11,91756	0,4818685
11,92603	0,4823647
11,94462	0,4802095
11,95527	0,4814516
11,96127	0,4900914
11,97071	0,4834657
11,97666	0,4947183
11,9822	0,5018089
11,99128	0,4937893
11,99733	0,5079664
12,00331	0,517423
12,01947	0,5091618
12,02638	0,5401949
12,03581	0,5336967
12,04222	0,5550408
12,05116	0,5452738
12,05707	0,5684438
12,06273	0,5837216
12,07154	0,5714183
12,07731	0,5969391
12,0826	0,6136403
12,09852	0,5993013
12,10579	0,6498277
12,11764	0,6416996
12,12408	0,6823621
12,13451	0,6705999
12,14048	0,7087915
12,15013	0,6941713
12,15708	0,7313861
12,16369	0,7582108
12,2134	0,7462327
12,23855	0,8726562
12,25185	0,9403667
12,26989	0,9574302
12,28484	0,9953327
12,29492	1,019978
12,30069	1,063583
12,31	1,048892
12,316	1,088503
12,32244	1,114034
12,33529	1,102655
12,34158	1,156034
12,35048	1,144769
12,35711	1,180487
12,36309	1,207121
12,37186	1,195115
12,37798	1,228825
12,38359	1,252338
12,39178	1,239701
12,39766	1,269529
12,40399	1,290949
12,41136	1,281812
12,41765	1,306944
12,4236	1,328387
12,43166	1,318959
12,43796	1,344372
12,44412	1,364239
12,45847	1,356409
12,4641	1,397596
12,47354	1,38931
12,47941	1,413508
12,48535	1,42855
12,49412	1,421948
12,50018	1,441567
12,50941	1,43825
12,51631	1,455698
12,52326	1,468751
12,53819	1,467297
12,54817	1,490136
12,56358	1,492463
12,57669	1,502607
12,58426	1,512756
12,60642	1,514286
12,61495	1,521295
12,62162	1,521238
12,63077	1,52519
12,6378	1,521538
12,64316	1,518734
12,65253	1,523612
12,65821	1,516229
12,66376	1,511755
12,67252	1,517722
12,67848	1,50746
12,68522	1,500483
12,70073	1,505874
12,71381	1,5002
12,71996	1,475292
12,72671	1,463577
12,73622	1,470106
12,74303	1,448725
12,75233	1,457119
12,75875	1,433176
12,7645	1,416646
12,77901	1,427939
12,78465	1,386137
12,79425	1,398644
12,80024	1,368253
12,81091	1,381631
12,81886	1,345114
12,82578	1,317912
12,83395	1,327364
12,84002	1,297532
12,85299	1,311619
12,85921	1,261638
12,86625	1,237666
12,87499	1,247227
12,88041	1,212077
12,89062	1,229159
12,89679	1,186684
12,90278	1,161005
12,91196	1,175712
12,91876	1,136569
12,92449	1,107561
12,94397	1,123268
12,95397	1,079487
12,96076	1,035821
12,97031	1,046836
12,97659	1,005116
12,98223	0,9776843
12,99145	0,9934154
12,99838	0,9535007
13,00602	0,9234681
13,01466	0,9303668
13,02139	0,8935671
13,03764	0,9035552
13,04496	0,8360155
13,05427	0,8434484
13,06052	0,8060601
13,07169	0,8165746
13,07775	0,7735765
13,08411	0,7502599
13,09379	0,7602386
13,10116	0,7249255
13,1189	0,729722
13,1257	0,6691113
13,13631	0,6763177
13,14285	0,6428204
13,15286	0,6492412
13,15872	0,6204493
13,16442	0,603611
13,17338	0,6119492
13,17918	0,5889194
13,18455	0,5740244
13,19999	0,5819652
13,20738	0,5473249
13,21774	0,550292
13,22434	0,5306189
13,23372	0,5332285
13,2408	0,5188042
13,25023	0,5182991
13,25653	0,5072935
13,26339	0,4999523
13,27818	0,4997517
13,28422	0,4881321
13,29499	0,4879047
13,30157	0,4836174
13,31166	0,480834
13,31839	0,4807642
13,32522	0,4807177
13,33512	0,4782788
13,34183	0,4820801
13,35663	0,4773176
13,36213	0,4887333
13,37155	0,4821987
13,3778	0,4930534
13,38372	0,5002518
13,39349	0,4934272
13,39966	0,5083035
13,40689	0,5177022
13,41801	0,5128618
13,42556	0,5338122
13,44067	0,5284089
13,44979	0,5377761
13,45642	0,561051
13,46275	0,5780009
13,47418	0,5676663
13,48216	0,6003804
13,49786	0,5938759
13,50422	0,6432295
13,51437	0,6320076
13,52	0,6665316
13,5313	0,6513196
13,53908	0,6923741
13,54669	0,7206601
13,55712	0,7134448
13,56381	0,753436
13,58424	0,7419994
13,59484	0,7854177
13,60059	0,8292898
13,61086	0,8133008
13,61779	0,8569262
13,62408	0,8863509
13,63574	0,8728414
13,64321	0,9232094
13,65821	0,9148582
13,66388	0,9801739
13,67406	0,9642559
13,68036	1,00864
13,69031	0,9958181
13,69803	1,038856
13,70659	1,072286
13,71702	1,069348
13,72443	1,113776
13,74064	1,10645
13,7562	1,136648
13,76584	1,199258
13,77906	1,201621
13,78877	1,252604
13,79852	1,254816
13,80586	1,290467
13,81516	1,284676
13,82341	1,316569
13,83963	1,315142
13,84561	1,366636
13,85402	1,357847
13,86055	1,382185
13,87023	1,377577
13,87743	1,402665
13,8848	1,421323
13,89386	1,418605
13,90093	1,439138
13,91007	1,437833
13,917	1,455416
13,92419	1,468738
13,93342	1,467403
13,94039	1,48185
13,95567	1,482427
13,96447	1,500664
13,97359	1,502848
13,98017	1,51026
13,98985	1,512534
13,99701	1,516644
14,00358	1,519685
14,01256	1,521708
14,01957	1,522006
14,02717	1,522238
14,03755	1,523946
14,04386	1,520223
14,05578	1,524324
14,06164	1,515421
14,08366	1,521793
14,09593	1,510381
14,10258	1,491924
14,11211	1,499138
14,11983	1,481374
14,12639	1,466974
14,13662	1,473849
14,14318	1,451241
14,15768	1,460009
14,16356	1,423208
14,17488	1,434291
14,18097	1,402081
14,19068	1,414185
14,197	1,383775
14,20358	1,363971
14,21499	1,374531
14,2222	1,335835
14,23903	1,345021
14,24712	1,284011
14,25772	1,289218
14,26395	1,248622
14,27473	1,261571
14,28202	1,218433
14,29156	1,227695
14,2981	1,188212
14,30456	1,161116
14,32007	1,173522
14,32963	1,147865
14,33615	1,106594
14,34241	1,078411
14,35146	1,091805
14,35873	1,052395
14,36488	1,020715
14,37509	1,034383
14,38137	0,9898448
14,39097	1,00264
14,39663	0,9610958
14,40266	0,9365723
14,41762	0,9501027
14,42512	0,8863457
14,43533	0,893338
14,44197	0,8508608
14,45254	0,8606043
14,45974	0,8180327
14,46568	0,7890272
14,47429	0,801584
14,48026	0,7683411
14,49478	0,7789911
14,50115	0,7257825
14,51058	0,7341574
14,51755	0,7017714
14,5246	0,6778232
14,53531	0,6838112
14,5414	0,6497571
14,55245	0,6571432
14,56099	0,6250817
14,57748	0,6241261
14,58451	0,5812763
14,59438	0,5849168
14,60342	0,5624518
14,61348	0,5602556
14,62028	0,540815
14,63006	0,5415871
14,63666	0,5261898
14,64333	0,5157995
14,65842	0,5168728
14,66447	0,4986948
14,67434	0,499897
14,68072	0,4917567
14,69274	0,4899501
14,69914	0,4846832
14,70525	0,4818755
14,71494	0,4807787
14,72224	0,4803112
14,73579	0,4767317
14,742	0,4813658
14,75067	0,4765601
14,7569	0,4828782
14,76318	0,4874225
14,7723	0,481976
14,77853	0,4921134
14,78521	0,4990306
14,79414	0,4937073
14,80062	0,5069488
14,81336	0,4988071
14,82041	0,5222849
14,83051	0,5142565
14,83751	0,5363529
14,84361	0,5516772
14,85398	0,5420456
14,861	0,5681336
14,87074	0,5591141
14,87804	0,5866276
14,88394	0,6072592
14,89922	0,5954695
14,90576	0,6429706
14,91407	0,6328659
14,92001	0,660846
14,93002	0,646835
14,93678	0,6829139
14,94343	0,7072636
14,95308	0,6960452
14,96021	0,7327955
14,97454	0,7225459
14,98158	0,7795713
14,99142	0,7691106
14,99851	0,8096803
15,00533	0,8388664
15,01639	0,8279337
15,0235	0,874698
15,03823	0,8647705
15,04649	0,9281808
15,05665	0,9234813
15,06354	0,9676615
15,07432	0,9571179
15,07961	1,004032
15,08544	1,027051
15,09511	1,012202
15,10224	1,054006
15,11929	1,045307
15,12696	1,117936
15,13721	1,111563
15,14294	1,154243
15,15291	1,140671
15,15927	1,180857
15,16588	1,206494
15,17599	1,19676
15,18217	1,235878
15,18985	1,225872
15,19534	1,254089
15,2006	1,274252
15,21544	1,262059
15,2223	1,313274
15,23085	1,307411
15,23723	1,334735
15,24345	1,355144
15,2522	1,347757
15,26035	1,373327
15,2688	1,373548
15,27585	1,395674
15,28267	1,414153
15,29093	1,410777
15,29716	1,429757
15,30355	1,444077
15,31273	1,440541
15,32051	1,458501
15,33004	1,460035
15,33701	1,47529
15,34291	1,486454
15,35775	1,484965
15,36519	1,503229
15,37454	1,504246
15,38185	1,512212
15,39028	1,515286
15,39608	1,519212
15,40314	1,521909
15,41271	1,52568
15,42085	1,526397
15,43137	1,53237
15,43863	1,529043
15,44478	1,526746
15,45425	1,533138
15,46062	1,526464
15,47533	1,536566
15,48263	1,520565
15,49309	1,532195
15,49996	1,516907
15,50702	1,506864
15,51665	1,524082
15,52303	1,506523
15,53274	1,532459
15,54449	1,511374
15,55619	1,53202
15,56362	1,502738
15,57331	1,539479
15,57977	1,512226
15,58698	1,494075
15,5989	1,54023
15,60672	1,503294
15,62246	1,554157
15,63616	1,58187
15,64407	1,532629
15,65499	1,592147
15,66258	1,550628
15,67259	1,616847
15,67978	1,577006
15,68769	1,548368
15,70629	1,620558
15,71645	1,649088
15,72344	1,606061
15,73408	1,686168
15,74279	1,640315
15,75382	1,715599
15,76803	1,6676
15,78424	1,713582
15,79493	1,745058
15,80147	1,698754
15,81033	1,765878
15,81655	1,728051
15,82381	1,701533
15,83364	1,758796
15,84182	1,717798
15,85546	1,763693
15,86267	1,708614
15,87265	1,750849
15,87852	1,712192
15,88507	1,68943
15,89643	1,726586
15,90351	1,684769
15,91487	1,711155
15,92199	1,671888
15,93764	1,689147
15,94343	1,639012
15,95354	1,652167
15,95996	1,622568
15,96678	1,603798
15,97624	1,605735
15,98354	1,58089
15,99333	1,571696
15,99951	1,549113
16,00768	1,534863
16,0227	1,516394
16,03346	1,474503
16,04047	1,457184
16,05259	1,421795
16,05995	1,406752
16,06654	1,397626
16,08074	1,356897
16,09193	1,299414
16,09818	1,294077
16,10616	1,291093
16,11675	1,234036
16,12436	1,233107
16,13436	1,168809
16,14124	1,171833
16,15549	1,099936
16,16209	1,109757
16,17125	1,032084
16,17888	1,04189
16,18797	1,050066
16,20112	0,9718937
16,21253	0,8932385
16,21993	0,9138191
16,22685	0,9271798
16,24342	0,8376088
16,25535	0,7644765
16,26177	0,7940586
16,27233	0,6960059
16,27915	0,7254714
16,28575	0,7445072
16,29564	0,6463431
16,30185	0,6767696
16,31662	0,5753795
16,3239	0,624683
16,33428	0,5271151
16,34174	0,5642381
16,35348	0,4676447
16,3624	0,5120158
16,37326	0,4226987
16,3798	0,465682
16,38657	0,4915583
16,40045	0,3969431
16,41087	0,3337233
16,41775	0,3776033
16,42418	0,406615
16,43415	0,3168864
16,44111	0,3596878
16,45618	0,2765036
16,4625	0,3418589
16,47248	0,261111
16,47852	0,3044982
16,48507	0,3307555
16,49401	0,2567229
16,5002	0,2953529
16,50977	0,2263591
16,51629	0,2671483
16,5226	0,2949424
16,53077	0,233217
16,53738	0,2672746
16,54381	0,2948613
16,55783	0,2409093
16,56377	0,2975891
16,57395	0,249496
16,58019	0,2890327
16,58823	0,25104
16,5943	0,2807279
16,60089	0,3031259
16,60814	0,2749336
16,61336	0,3000786
16,62027	0,3182247
16,6284	0,3000631
16,63483	0,3262639
16,64186	0,3469667
16,64946	0,3376398
16,65816	0,360065
16,66596	0,3857207
16,67425	0,3863177
16,68123	0,4082694
16,68996	0,4167798
16,69724	0,4371397
16,70362	0,4541037
16,71142	0,4692576
16,7188	0,4848101
16,72547	0,4995129
16,73904	0,5234625
16,74579	0,5456989
16,75412	0,5782201
16,76052	0,5888088
16,76939	0,6311264
16,77553	0,639039
16,78162	0,6445203
16,79026	0,6942203
16,79735	0,698602
16,80383	0,7021949
16,81171	0,7590191
16,81794	0,7599432
16,82485	0,7606752
16,83947	0,8243439
16,84658	0,820348
16,85653	0,8897693
16,863	0,8831842
16,87293	0,9602752
16,8796	0,9498944
16,88606	0,9429288
16,89686	1,024387
16,90327	1,009063
16,91817	1,096439
16,92456	1,069871
16,93446	1,160952
16,94095	1,139859
16,95139	1,235353
16,95851	1,209654
16,96624	1,192114
16,9757	1,285499
16,98129	1,259244
16,99639	1,361576
17,00305	1,315305
17,01266	1,415172
17,02008	1,383217
17,02987	1,481409
17,03717	1,446503
17,044	1,420474
17,05433	1,519035
17,06099	1,480017
17,07438	1,578297
17,08069	1,525328
17,0911	1,622749
17,0969	1,580026
17,10275	1,556245
17,1141	1,652261
17,12181	1,604401
17,13914	1,688988
17,14599	1,61455
17,15624	1,698072
17,1622	1,653565
17,17202	1,735981
17,17874	1,693227
17,18534	1,663982
17,19459	1,737924
17,202	1,697861
17,21694	1,761875
17,22344	1,698097
17,23472	1,759269
17,24161	1,712143
17,25124	1,764127
17,25842	1,72513
17,26403	1,696072
17,27319	1,745832
17,27873	1,710179
17,28493	1,688647
17,30034	1,727996
17,31061	1,72377
17,31704	1,688053
17,32337	1,665701
17,3334	1,686955
17,34113	1,654558
17,35071	1,661806
17,3584	1,633501
17,3655	1,610799
17,38257	1,612503
17,39428	1,577997
17,40141	1,550612
17,4111	1,533379
17,41704	1,513993
17,42244	1,502102
17,43324	1,480062
17,44019	1,462261
17,45992	1,427833
17,47102	1,402572
17,48327	1,358693
17,49298	1,304605
17,49985	1,299555
17,50787	1,295985
17,51861	1,240453
17,52627	1,239044
17,54102	1,176344
17,5512	1,107238
17,55907	1,113811
17,56614	1,118895
17,5769	1,043875
17,58301	1,054928
17,59353	0,9724845
17,59967	0,9872187
17,60664	0,9958218
17,62208	0,9109035
17,63139	0,8352835
17,63842	0,8549199
17,6445	0,8697414
17,65507	0,7749462
17,66204	0,8007381
17,67306	0,7045684
17,6792	0,7348835
17,68924	0,7517796
17,70601	0,6644492
17,71612	0,5965314
17,7242	0,62994
17,7351	0,5352513
17,74256	0,573881
17,75217	0,4775019
17,75883	0,5135882
17,76571	0,5385742
17,78124	0,4420786
17,79319	0,3810664
17,80032	0,4297813
17,81111	0,3386335
17,81737	0,3839033
17,82382	0,4101679
17,8338	0,3202214
17,84095	0,3628976
17,85448	0,2801497
17,86133	0,3386469
17,87173	0,2597148
17,87921	0,3048592
17,88584	0,3373351
17,89672	0,263078
17,9037	0,3100588
17,9138	0,2436123
17,92092	0,2866769
17,93472	0,2278812
17,94213	0,2855074
17,95144	0,2350931
17,95863	0,2727828
17,96498	0,3019366
17,97393	0,2544677
17,98015	0,2893331
17,9891	0,250376
17,99599	0,2835445
18,00403	0,3091259
18,01294	0,2846546
18,02031	0,3157516
18,02946	0,298219
18,03594	0,3279188
18,04284	0,348963
18,05014	0,3379381
18,05779	0,3596461
18,06328	0,3824098
18,07162	0,3759348
18,07892	0,3982985
18,09141	0,4178627
18,10037	0,436851
18,10999	0,4581316
18,11957	0,4776375
18,12791	0,4970858
18,13876	0,522507
18,14471	0,5406978
18,15434	0,571228
18,16076	0,5838504
18,17053	0,6250701
18,17793	0,6342006
18,18486	0,6411138
18,19428	0,6893349
18,19991	0,6945171
18,20691	0,6976118
18,21681	0,7526078
18,22885	0,7542076
18,23926	0,8162847
18,24616	0,8139062
18,25612	0,8827364
18,26151	0,8765943
18,27066	0,9541414
18,27804	0,9450042
18,28359	0,9376261
18,30112	1,0202
18,31142	1,092425
18,31842	1,074533
18,32518	1,062367
18,33601	1,152
18,34163	1,129398
18,35019	1,22598
18,35676	1,205253
18,36295	1,189353
18,3771	1,287142
18,38353	1,248437
18,39533	1,347439
18,40273	1,311691
18,41393	1,409164
18,42145	1,372245
18,43156	1,469764
18,43845	1,434005
18,44478	1,409687
18,46212	1,509858
18,47174	1,568007
18,47762	1,530202
18,48472	1,507072
18,49623	1,600948
18,50339	1,553976
18,51395	1,644826
18,52017	1,600475
18,53472	1,691891
18,54387	1,62956
18,55703	1,70378
18,56601	1,646813
18,5792	1,716603
18,58725	1,659295
18,60502	1,727529
18,61618	1,74744
18,62344	1,699776
18,63326	1,758376
18,64013	1,717327
18,65137	1,769941
18,65954	1,724321
18,66673	1,691141
18,6813	1,735704
18,69196	1,742497
18,69838	1,702925
18,70489	1,679051
18,71647	1,709604
18,72463	1,669098
18,73559	1,68519
18,74388	1,649535
18,75957	1,656617
18,76588	1,60984
18,77535	1,614946
18,78177	1,589477
18,79267	1,584007
18,79989	1,558153
18,80652	1,541019
18,82192	1,527639
18,83131	1,486062
18,83732	1,47023
18,84247	1,460104
18,85193	1,430475
18,8586	1,417983
18,86523	1,409173
18,87549	1,369769
18,88183	1,360063
18,89631	1,311636
18,90338	1,303486
18,91235	1,247515
18,91895	1,245945
18,92514	1,24479
18,93506	1,18266
18,94167	1,184781
18,95249	1,11458
18,95915	1,121084
18,96486	1,125087
18,98133	1,049451
18,99177	0,9772277
18,99911	0,9913909
19,00668	1,001341
19,01693	0,918154
19,02401	0,9362371
19,03378	0,8479228
19,04006	0,869864
19,0559	0,7755356
19,06489	0,8198011
19,08008	0,7346466
19,09498	0,6692557
19,10506	0,727289
19,12374	0,6501521
19,14283	0,6163211
19,16013	0,5912836
19,17119	0,5594808
19,17785	0,6193656
19,18577	0,655378
19,1959	0,576425
19,20354	0,6321238
19,21983	0,5538617
19,22716	0,6441017
19,23706	0,5671113
19,24381	0,6219273
19,25366	0,5454078
19,26037	0,5994451
19,26976	0,5272365
19,27741	0,577889
19,28415	0,6191707
19,29846	0,5515604
19,30604	0,6268556
19,31503	0,5686769
19,3213	0,614388
19,32953	0,5562396
19,33634	0,5962963
19,34334	0,6294537
19,35288	0,5808046
19,35983	0,6248248
19,36639	0,6568997
19,37412	0,612035
19,38008	0,6454556
19,38891	0,6070838
19,3964	0,6423783
19,40342	0,6722813
19,41314	0,6447251
19,42021	0,6800239
19,42819	0,6614382
19,43431	0,6873252
19,4402	0,7072113
19,45252	0,6925135
19,46039	0,7273779
19,46805	0,7265422
19,47403	0,7448719
19,47943	0,7591889
19,48543	0,7721012
19,49366	0,7719922
19,50068	0,7879324
19,50948	0,8002844
19,51655	0,8131542
19,5237	0,8235025
19,53279	0,8423207
19,54022	0,8512118
19,54855	0,879518
19,55479	0,8835635
19,56048	0,88659
19,56854	0,9210782
19,57584	0,9209862
19,58254	0,9209018
19,59939	0,9620662
19,60749	0,9535012
19,61845	0,9984233
19,62694	0,9874561
19,64255	1,038113
19,65976	1,085565
19,67068	1,051872
19,68675	1,106155
19,70493	1,153014
19,71926	1,195118
19,72673	1,148286
19,73621	1,223871
19,74292	1,189198
19,76165	1,271954
19,7712	1,309454
19,77783	1,268017
19,7832	1,239224
19,79424	1,332235
19,80159	1,281067
19,8124	1,366932
19,81942	1,314169
19,8251	1,279889
19,84114	1,373454
19,85185	1,414906
19,85838	1,358438
19,86429	1,324026
19,87424	1,415817
19,88077	1,361989
19,89075	1,449249
19,89718	1,394383
19,90342	1,359047
19,91872	1,445276
19,926	1,360519
19,9367	1,437966
19,94428	1,378658
19,95567	1,450781
19,96131	1,388142
19,97647	1,466458
19,98309	1,384433
19,99387	1,452612
20,00059	1,395663
20,01152	1,457382
20,0181	1,401562
20,02473	1,367917
20,03426	1,425022
20,0411	1,378402
20,05638	1,427252
20,06313	1,356342
20,07382	1,399431
20,08116	1,352917
20,0915	1,38566
20,09862	1,34407
20,10578	1,315435
20,11496	1,343341
20,12172	1,309716
20,13792	1,330065
20,1434	1,277027
20,15344	1,294476
20,15979	1,265789
20,16602	1,247664
20,17723	1,255718
20,18389	1,228606
20,1941	1,226557
20,20047	1,206539
20,21777	1,195489
20,22663	1,169756
20,23714	1,149974
20,24437	1,139443
20,25448	1,113569
20,26148	1,108424
20,27145	1,074012
20,27868	1,0739
20,28465	1,073818
20,2998	1,033917
20,30816	1,041286
20,31883	0,9970416
20,32687	1,007491
20,33749	0,9565774
20,34447	0,9721287
20,35484	0,9131072
20,36081	0,9332106
20,37706	0,8650643
20,38337	0,9039816
20,39394	0,8324683
20,40091	0,8624032
20,41113	0,7870741
20,41765	0,8202941
20,42437	0,8414896
20,43479	0,7629645
20,44235	0,8008773
20,46023	0,72135
20,47189	0,6802346
20,47906	0,7307013
20,48748	0,7617544
20,4976	0,6836375
20,50362	0,730425
20,5134	0,6393962
20,51898	0,6871021
20,52621	0,7143567
20,54034	0,6290473
20,5504	0,5781283
20,55809	0,6311769
20,56747	0,6717176
20,57874	0,5989913
20,58617	0,6598963
20,59966	0,5782467
20,60724	0,6524149
20,62321	0,5737913
20,63436	0,5445273
20,64078	0,6063309
20,65085	0,5277877
20,65818	0,5832107
20,66496	0,6235163
20,67462	0,5509284
20,68102	0,6032245
20,69668	0,5338454
20,70345	0,6165516
20,71316	0,5541563
20,72093	0,6037979
20,73099	0,552856
20,73759	0,6021147
20,74305	0,6344476
20,75198	0,577847
20,7599	0,6193366
20,76699	0,656177
20,77568	0,6130438
20,78377	0,6509399
20,7944	0,6200175
20,80089	0,6629257
20,80866	0,6334972
20,8144	0,6620841
20,82201	0,6832318
20,83014	0,6652474
20,83645	0,6920118
20,84291	0,7127948
20,85773	0,6981542
20,86433	0,7408354
20,87237	0,733988
20,87977	0,7536347
20,88618	0,7717245
20,89346	0,7715468
20,8991	0,7860274
20,90573	0,7972503
20,91356	0,8057404
20,92032	0,8176174
20,92991	0,8368156
20,93659	0,8467233
20,94425	0,8536212
20,95364	0,879528
20,95953	0,884603
20,96595	0,8877845
20,97379	0,9192071
20,97993	0,9195461
20,98607	0,9198122
20,99551	0,9585271
21,00209	0,9542351
21,02118	1,001945
21,03409	1,044839
21,04002	1,026329
21,04974	1,088728
21,05611	1,070188
21,06309	1,058031
21,07393	1,122992
21,07929	1,097308
21,086	1,084625
21,10251	1,153914
21,11347	1,201783
21,12047	1,16646
21,13057	1,245503
21,1374	1,208982
21,14383	1,184303
21,1541	1,266681
21,16139	1,225795
21,17966	1,307597
21,18729	1,228845
21,19809	1,307649
21,20538	1,257871
21,2169	1,337233
21,22375	1,281189
21,23378	1,359462
21,24014	1,308502
21,25676	1,384578
21,26412	1,297115
21,27429	1,360375
21,28053	1,305411
21,29307	1,366432
21,30047	1,297574
21,31019	1,342341
21,31614	1,288446
21,3232	1,255428
21,33888	1,286811
21,3448	1,199721
21,35781	1,225607
21,36353	1,153912
21,37465	1,173436
21,38194	1,113011
21,39702	1,121185
21,40445	1,041179
21,41971	1,04642
21,42652	0,9680309
21,43554	0,9743264
21,4426	0,9298954
21,45306	0,9313782
21,45986	0,8824302
21,46669	0,8506497
21,47915	0,8516421
21,48623	0,7969449
21,50055	0,7941121
21,51115	0,7572675
21,51782	0,7179556
21,52515	0,6932168
21,53522	0,6839967
21,54291	0,6505253
21,55897	0,6368376
21,5654	0,5901321
21,57461	0,5789983
21,58046	0,5562479
21,59065	0,5417483
21,59784	0,5212162
21,60624	0,5067289
21,61778	0,4870542
21,626	0,4692531
21,6423	0,4483594
21,65257	0,4158301
21,65902	0,4100356
21,66474	0,4063947
21,67401	0,3839271
21,6808	0,3833129
21,69202	0,3566661
21,7002	0,361518
21,71705	0,3337441
21,72406	0,3493651
21,73427	0,3218832
21,74232	0,336318
21,75306	0,3086329
21,75926	0,328907
21,76613	0,3406167
21,77526	0,3122827
21,78124	0,3337125
21,79668	0,3006022
21,80285	0,3436563
21,81361	0,3111733
21,8234	0,3456882
21,8327	0,3247944
21,84175	0,3582758
21,85158	0,3355143
21,8592	0,3745081
21,86589	0,4047387
21,88076	0,3753158
21,89051	0,380105
21,8966	0,4249086
21,90329	0,4529033
21,9137	0,4241384
21,92066	0,4747099
21,9308	0,4478164
21,93797	0,4993382
21,94461	0,5358088
21,95969	0,5095496
21,96673	0,5888844
21,97691	0,5665592
21,98332	0,6215192
21,99215	0,5971683
21,99824	0,6456674
22,00389	0,6791211
22,01231	0,6525946
22,01856	0,6992648
22,02449	0,7339447
22,04115	0,7110119
22,05093	0,7500578
22,05794	0,8039635
22,06408	0,8426305
22,07528	0,8255006
22,08144	0,8863059
22,09089	0,872133
22,09723	0,9222865
22,1045	0,9559705
22,122	0,9499011
22,13047	0,999455
22,13818	1,041226
22,14451	1,079256
22,15443	1,073644
22,16032	1,120111
22,1684	1,116417
22,17556	1,151958
22,18348	1,183478
22,19216	1,190819
22,19975	1,226231
22,20699	1,257199
22,21595	1,262842
22,22263	1,29625
22,2309	1,303896
22,23796	1,331543
22,24487	1,355133
22,25427	1,365335
22,26232	1,392894
22,27062	1,409978
22,27754	1,430702
22,28435	1,448017
22,29706	1,462961
22,3043	1,488961
22,31274	1,507082
22,31903	1,520376
22,32578	1,530276
22,33274	1,548853
22,33949	1,556447
22,34698	1,563811
22,35604	1,584615
22,36201	1,590035
22,37082	1,613855
22,37861	1,614745
22,3856	1,615531
22,39545	1,639693
22,40189	1,635778
22,41508	1,663332
22,42128	1,651565
22,43133	1,681014
22,43821	1,667145
22,44401	1,65765
22,45539	1,687592
22,46179	1,666466
22,47073	1,69755
22,4776	1,676801
22,484	1,660885
22,49941	1,691645
22,50768	1,649105
22,51717	1,67366
22,52443	1,64343
22,53394	1,671974
22,54154	1,637973
22,55149	1,665959
22,55945	1,62674
22,56705	1,595334
22,58707	1,62069
22,5971	1,592008
22,60361	1,546025
22,61391	1,575359
22,61999	1,525498
22,62586	1,496033
22,63637	1,526918
22,6429	1,473673
22,65883	1,500654
22,66665	1,41702
22,67612	1,435169
22,68412	1,384106
22,69438	1,399714
22,70206	1,343393
22,7122	1,358894
22,71835	1,302602
22,7246	1,268505
22,74522	1,289666
22,75951	1,228732
22,76661	1,149767
22,77596	1,161832
22,78272	1,110883
22,79351	1,12196
22,79937	1,064491
22,80581	1,033255
22,82047	1,04398
22,8314	1,008492
22,83923	0,9543858
22,84732	0,9156225
22,86079	0,9135422
22,87134	0,8823498
22,87867	0,8364149
22,88587	0,8045062
22,90213	0,8021634
22,91294	0,7606548
22,92167	0,7224396
22,93234	0,7089067
22,93924	0,6770051
22,94629	0,6563747
22,96376	0,6512849
22,97559	0,620559
22,98192	0,6011958
22,99254	0,5927341
23,00024	0,5842004
23,01098	0,5731031
23,01864	0,5747923
23,02481	0,5759972
23,04181	0,5734348
23,05264	0,5865399
23,06136	0,6129957
23,07178	0,6151357
23,07933	0,6546257
23,08645	0,6832316
23,09775	0,6966512
23,10471	0,7612658
23,12013	0,7771297
23,13043	0,8527217
23,13818	0,9357946
23,14388	0,9982533
23,15448	1,012768
23,16069	1,120695
23,17323	1,141283
23,18188	1,286941
23,19937	1,341468
23,20857	1,556718
23,22053	1,619067
23,23076	1,71236
23,23802	1,835932
23,24518	1,923699
23,25564	1,953425
23,26294	2,0771
23,27285	2,10491
23,27874	2,218663
23,28565	2,286263
23,30195	2,304092
23,31278	2,422814
23,3209	2,536468
23,33039	2,560622
23,33752	2,654417
23,34307	2,724752
23,35321	2,716913
23,3603	2,809996
23,37068	2,814837
23,37689	2,902129
23,385	2,954301
23,39869	2,959269
23,40673	3,062852
23,41818	3,059965
23,42511	3,136341
23,43508	3,121944
23,44097	3,178892
23,45206	3,158155
23,4597	3,210433
23,46764	3,246408
23,48515	3,225238
23,49478	3,236505
23,50132	3,261602
23,51113	3,233172
23,51925	3,248029
23,5261	3,260323
23,53578	3,223839
23,54236	3,227825
23,55334	3,191974
23,56181	3,184354
23,57149	3,145003
23,57989	3,127628
23,5865	3,112557
23,60047	3,066918
23,61086	3,004401
23,61743	2,963485
23,62486	2,93758
23,63322	2,886664
23,63965	2,845086
23,64631	2,813099
23,65767	2,762348
23,66485	2,694643
23,67332	2,641233
23,68244	2,582755
23,69084	2,517033
23,69807	2,451576
23,70474	2,395191
23,71991	2,34416
23,72582	2,213476
23,73541	2,168268
23,74216	2,078403
23,75152	2,029191
23,758	1,935073
23,76329	1,869973
23,77382	1,83545
23,7793	1,723284
23,78476	1,664973
23,79425	1,629994
23,80058	1,524093
23,81637	1,48363
23,82223	1,300675
23,83262	1,267037
23,84047	1,143133
23,85083	1,088729
23,85761	0,9627357
23,86437	0,8802896
23,87667	0,8406879
23,88423	0,6894518
23,89823	0,6430871
23,90452	0,4703922
23,91398	0,4429995
23,92013	0,3267447
23,92965	0,304166
23,93736	0,1887087
23,94339	0,09516466
23,95323	0,07824659
23,95986	3,167598
23,96616	3,088954
23,97948	0,03718948
23,9859	2,98952
23,99626	0,1277291
24,00246	0,07977092
24,01319	0,2383965
24,01965	0,1933216
24,02702	0,1662008
24,03689	0,3221507
24,04394	0,2852514
24,05823	0,4404642
24,06435	0,3940715
24,07439	0,5505844
24,08076	0,523203
24,09058	0,6734641
24,09688	0,6520061
24,10502	0,6382341
24,12466	0,7822247
24,13529	0,9023494
24,14161	0,8911079
24,15126	1,024175
24,15697	1,019559
24,16271	1,016832
24,17283	1,142724
24,17928	1,143787
24,18598	1,144464
24,19979	1,2629
24,20704	1,272393
24,21842	1,381953
24,22502	1,396331
24,23465	1,493449
24,24181	1,511065
24,25088	1,595838
24,25732	1,617395
24,26395	1,632726
24,27888	1,705488
24,28506	1,748957
24,29512	1,808152
24,3008	1,842572
24,31054	1,884455
24,31647	1,922456
24,32226	1,945618
24,33305	1,974576
24,33986	2,021562
24,34662	2,051211
24,36212	2,071947
24,37239	2,11852
24,37913	2,171381
24,38669	2,206082
24,3966	2,202692
24,40351	2,257035
24,41282	2,235721
24,41988	2,289418
24,42611	2,330192
24,44204	2,291847
24,45754	2,297267
24,4633	2,393633
24,47336	2,324887
24,47978	2,388868
24,48706	2,429712
24,49699	2,35834
24,50361	2,422428
24,51759	2,334517
24,52451	2,425488
24,53403	2,328236
24,54029	2,390054
24,5517	2,278188
24,55828	2,351658
24,56427	2,394056
24,57412	2,270505
24,58069	2,332875
24,59723	2,205006
24,60385	2,307031
24,61313	2,171298
24,62018	2,226654
24,62891	2,087875
24,63577	2,137655
24,64159	2,176724
24,65218	2,025164
24,65877	2,082283
24,66513	2,117887
24,6743	1,96404
24,68103	2,010318
24,69657	1,856956
24,70317	1,929349
24,71317	1,772686
24,72046	1,81503
24,73005	1,661965
24,73719	1,698187
24,74429	1,725139
24,75338	1,569979
24,75979	1,599824
24,76602	1,620874
24,77363	1,463671
24,78052	1,484749
24,78965	1,335667
24,79605	1,356019
24,8029	1,370272
24,81534	1,224128
24,82104	1,244889
24,82979	1,103381
24,83637	1,112986
24,84207	1,120216
24,85141	0,9853916
24,85835	0,9902358
24,86439	0,9938331
24,87391	0,8661928
24,88054	0,8655634
24,89271	0,7493231
24,90003	0,7414052
24,91644	0,6347845
24,92484	0,6146333
24,93366	0,5141931
24,94058	0,4983587
24,95157	0,413403
24,95848	0,3875842
24,96522	0,3713565
24,97497	0,2962985
24,98149	0,2681756
24,99102	0,20841
24,99871	0,1760232
25,00664	0,1499126
25,01576	0,09612107
25,02279	0,06070733
25,03742	0,02524114
25,04508	5,015628
25,0557	0,0165441
25,07976	4,979933
25,0909	0,0444293
25,10146	0,1237712
25,11033	0,2184532
25,11937	0,1942589
25,12841	0,1696126
25,14509	0,2757368
25,15443	0,3691411
25,16114	0,3373556
25,17176	0,4719591
25,17905	0,4326544
25,18626	0,405684
25,19504	0,5452132
25,20082	0,5103726
25,21091	0,6639786
25,21865	0,6215415
25,22585	0,5889878
25,24159	0,7416682
25,25192	0,8621433
25,25864	0,8149254
25,26491	0,7842193
25,27496	0,9493471
25,28225	0,9020723
25,29496	1,064802
25,30358	1,003888
25,31851	1,160783
25,32468	1,088431
25,33431	1,256474
25,3411	1,209649
25,35149	1,372752
25,35807	1,322454
25,36333	1,290627
25,37689	1,457924
25,38364	1,393161
25,39403	1,548734
25,40082	1,500173
25,41025	1,649399
25,41625	1,606606
25,42279	1,579396
25,43289	1,723002
25,44017	1,678935
25,45409	1,810577
25,4605	1,752813
25,47055	1,878911
25,47702	1,839615
25,48426	1,814321
25,49464	1,927783
25,50223	1,890075
25,51253	1,990735
25,51932	1,95645
25,52613	1,933855
25,54186	2,026682
25,55383	2,078646
25,56246	2,04704
25,57272	2,1078
25,57892	2,084573
25,58653	2,070525
25,60153	2,121952
25,61112	2,143617
25,61798	2,129609
25,62628	2,119595
25,63677	2,141794
25,64286	2,130905
25,65206	2,13983
25,65879	2,134224
25,66467	2,130118
25,68054	2,12482
25,69103	2,100794
25,7021	2,103528
25,71352	2,068278
25,71973	2,076206
25,72585	2,080514
25,73596	2,03096
25,74172	2,042301
25,75789	1,976419
25,76453	2,001315
25,77396	1,924076
25,78019	1,942413
25,79023	1,849796
25,79674	1,87324
25,80317	1,888448
25,82053	1,785191
