0	2,449
0,02	2,445076
0,3533334	1,932805
0,4586543	1,714448
0,5231233	1,605048
0,5489056	1,569255
0,5599526	1,555022
0,566305	1,547866
0,5758902	1,53708
0,5820599	1,530493
0,5921825	1,520846
0,5991508	1,514205
0,6048706	1,509632
0,6206818	1,497539
0,631838	1,490996
0,6378043	1,487496
0,6438825	1,484671
0,6537377	1,480768
0,6626182	1,477758
0,6768013	1,47489
0,685652	1,474205
0,707167	1,475459
0,7174639	1,477402
0,7245175	1,479609
0,7344837	1,483422
0,742103	1,486737
0,7520815	1,492456
0,7582269	1,495978
0,7727273	1,506655
0,7887033	1,520342
0,797797	1,528875
0,8037319	1,535087
0,8134654	1,545898
0,8200948	1,553276
0,8295889	1,565374
0,8357453	1,573219
0,8412597	1,580438
0,8494586	1,592137
0,8550202	1,600073
0,8613626	1,609316
0,8749011	1,630555
0,8815938	1,641259
0,8921896	1,659239
0,8992732	1,671258
0,90606	1,683471
0,9156085	1,70077
0,9215186	1,711631
0,9354784	1,73833
0,9420853	1,751146
0,9682581	1,804031
0,9794884	1,827263
0,9868692	1,842885
0,996487	1,863277
1,001755	1,874507
1,020726	1,915402
1,030618	1,936891
1,03747	1,951779
1,04392	1,965793
1,052718	1,984909
1,059579	1,999817
1,065495	2,012577
1,076403	2,036092
1,083626	2,051539
1,099359	2,084916
1,106208	2,099128
1,119176	2,125973
1,126114	2,139919
1,136879	2,161472
1,143218	2,173893
1,152243	2,191204
1,158908	2,203987
1,164832	2,214868
1,173542	2,230705
1,179327	2,241224
1,185558	2,25192
1,198619	2,274175
1,204555	2,283707
1,212274	2,295872
1,219126	2,306669
1,226274	2,317061
1,235669	2,330559
1,242721	2,340279
1,250171	2,349856
1,255899	2,357222
1,263592	2,366532
1,273553	2,37773
1,279904	2,384869
1,285733	2,390441
1,294608	2,398901
1,302977	2,406346
1,323109	2,421363
1,33206	2,426645
1,338263	2,430305
1,345298	2,433454
1,353193	2,436619
1,361021	2,439559
1,37131	2,441699
1,378951	2,443288
1,385213	2,443578
1,394371	2,443704
1,400821	2,443634
1,409833	2,442008
1,416235	2,440854
1,422153	2,439372
1,436237	2,434122
1,442595	2,431259
1,451699	2,426138
1,457536	2,422854
1,462877	2,419317
1,471565	2,412823
1,477931	2,408064
1,483272	2,403485
1,492531	2,394904
1,498216	2,389635
1,50425	2,383315
1,51792	2,368306
1,527613	2,356425
1,537779	2,343609
1,543603	2,335716
1,552738	2,322803
1,559778	2,312853
1,565708	2,303669
1,575898	2,287836
1,581715	2,278579
1,598491	2,250362
1,608452	2,23264
1,760963	1,919637
1,854514	1,727717
1,894849	1,655733
1,912441	1,627377
1,928153	1,603757
1,942324	1,583748
1,953221	1,569729
1,95999	1,561022
1,96807	1,551924
1,979643	1,538895
1,986713	1,532077
2,003347	1,516772
2,015473	1,507336
2,021528	1,502906
2,032542	1,496362
2,040118	1,491883
2,050869	1,487518
2,057906	1,484661
2,066413	1,482436
2,084971	1,479418
2,096581	1,479174
2,103837	1,479763
2,117396	1,4821
2,125538	1,484567
2,138773	1,489391
2,147058	1,493743
2,162701	1,502896
2,174173	1,511359
2,182144	1,517622
2,194164	1,528632
2,201301	1,535392
2,213917	1,549101
2,222248	1,558519
2,234107	1,573333
2,241011	1,582109
2,256311	1,603539
2,262299	1,612252
2,272333	1,627724
2,279449	1,638697
2,285311	1,648413
2,296514	1,667116
2,303255	1,678744
2,313073	1,696261
2,319354	1,707466
2,328545	1,724726
2,347365	1,760834
2,358712	1,783199
2,36711	1,800252
2,379669	1,825893
2,388793	1,844999
2,401982	1,872716
2,419462	1,909977
2,426452	1,924998
2,436745	1,947131
2,443168	1,960947
2,453472	1,98312
2,460515	1,998266
2,470399	2,01938
2,477401	2,034336
2,484155	2,048628
2,500415	2,082808
2,510751	2,104034
2,517122	2,117119
2,523968	2,130916
2,535074	2,152988
2,543061	2,168611
2,553451	2,188408
2,561453	2,203512
2,570501	2,21987
2,579032	2,235291
2,587002	2,248913
2,604229	2,277589
2,621249	2,304134
2,631752	2,31918
2,639438	2,330193
2,646825	2,339761
2,657833	2,353894
2,665281	2,362617
2,674028	2,372455
2,680317	2,379475
2,689846	2,388586
2,696059	2,394526
2,702481	2,400229
2,711806	2,407498
2,722477	2,415367
2,740387	2,425998
2,750001	2,429945
2,757761	2,43313
2,765063	2,435162
2,774838	2,437311
2,781512	2,438487
2,79124	2,438756
2,798389	2,438954
2,804311	2,438288
2,815036	2,436523
2,822117	2,434954
2,832107	2,431405
2,839179	2,428893
2,845985	2,425349
2,86027	2,417538
2,871377	2,409467
2,879449	2,4036
2,887346	2,396554
2,897542	2,38733
2,904456	2,380317
2,914657	2,369354
2,921969	2,361178
2,937978	2,341386
2,944125	2,333159
2,955184	2,317804
2,962795	2,306846
2,973885	2,2899
2,980595	2,279571
2,990527	2,263126
2,997734	2,251193
3,00367	2,240945
3,019259	2,213347
3,026003	2,200803
3,034979	2,184008
3,041372	2,171931
3,051157	2,152783
3,057919	2,13955
3,063761	2,127854
3,073382	2,10835
3,079859	2,09522
3,086038	2,082367
3,100515	2,052215
3,112587	2,026634
3,120103	2,010703
3,133343	1,982372
3,141296	1,965348
3,154401	1,937256
3,16222	1,920529
3,180461	1,881726
3,191861	1,857838
3,199903	1,840987
3,208216	1,823973
3,220796	1,798287
3,235067	1,770029
3,244618	1,751493
3,265688	1,712037
3,276293	1,692914
3,28248	1,68203
3,297527	1,656549
3,307671	1,640319
3,322495	1,617386
3,347479	1,582676
3,368907	1,556539
3,382205	1,54192
3,395564	1,529101
3,407143	1,519245
3,427212	1,504823
3,450621	1,492704
3,464857	1,487701
3,477078	1,484933
3,484601	1,48411
3,498607	1,483619
3,507416	1,484731
3,528791	1,489753
3,539541	1,493483
3,547716	1,497765
3,562443	1,506082
3,574465	1,514708
3,582168	1,520619
3,593949	1,531161
3,602827	1,539583
3,630269	1,570435
3,646391	1,591153
3,662348	1,613442
3,674747	1,63225
3,68226	1,643936
3,707924	1,687088
3,721849	1,711789
3,738604	1,742976
3,750277	1,765589
3,769727	1,804161
3,796495	1,859107
3,816401	1,900981
3,835768	1,942156
3,85166	1,976032
3,873291	2,021967
3,887808	2,052466
3,901537	2,08104
3,916855	2,112267
3,927221	2,132933
3,951708	2,180331
3,966613	2,207923
3,983928	2,238623
4,001021	2,267348
4,013215	2,286417
4,020874	2,298277
4,031344	2,313241
4,039291	2,324599
4,049069	2,337244
4,059674	2,350846
4,067359	2,359546
4,085698	2,379238
4,097515	2,390572
4,105424	2,397212
4,118225	2,407255
4,128615	2,413859
4,140684	2,421032
4,151387	2,425524
4,160481	2,429251
4,172022	2,431917
4,180354	2,433774
4,190766	2,434198
4,197656	2,434479
4,203047	2,434118
4,219489	2,431656
4,226268	2,429457
4,23538	2,42637
4,24159	2,42397
4,251076	2,418988
4,256857	2,415952
4,262823	2,412305
4,270758	2,406693
4,277164	2,402162
4,28269	2,397779
4,292294	2,389289
4,299135	2,383242
4,306134	2,376019
4,324095	2,356451
4,333267	2,34532
4,340155	2,336938
4,349598	2,324048
4,357285	2,313557
4,364333	2,303327
4,375401	2,286662
4,380961	2,278169
4,397732	2,250783
4,403803	2,240435
4,413892	2,222806
4,419534	2,212947
4,426326	2,200442
4,4372	2,180347
4,444187	2,167076
4,454558	2,147017
4,463376	2,129725
4,480856	2,094636
4,490927	2,073895
4,498281	2,058748
4,504497	2,045774
4,515074	2,023585
4,520635	2,011905
4,53053	1,99093
4,536834	1,977568
4,5431	1,964273
4,558459	1,931644
4,564798	1,918245
4,574107	1,898605
4,581112	1,883858
4,591262	1,862759
4,598213	1,848309
4,604632	1,835188
4,613828	1,816513
4,620604	1,802791
4,633757	1,776923
4,640221	1,764228
4,650439	1,744931
4,657959	1,730729
4,664255	1,719237
4,674274	1,701251
4,681101	1,689113
4,697968	1,660655
4,703535	1,651691
4,713338	1,636342
4,719311	1,62699
4,725503	1,618034
4,735543	1,603664
4,742104	1,594579
4,750926	1,583239
4,757467	1,574831
4,763012	1,568174
4,778715	1,550446
4,784878	1,544297
4,796279	1,533314
4,80239	1,527843
4,812721	1,519684
4,81972	1,514156
4,825452	1,510611
4,83506	1,504752
4,84143	1,501131
4,857421	1,494326
4,864143	1,492243
4,873587	1,489997
4,88028	1,488459
4,889926	1,487995
4,896022	1,487702
4,902695	1,487894
4,912403	1,489273
4,918631	1,490158
4,92488	1,491967
4,939523	1,496814
4,946749	1,500461
4,956841	1,505679
4,963759	1,50994
4,974241	1,517267
4,980474	1,521708
4,989304	1,529439
4,996192	1,535469
5,002415	1,541322
5,013434	1,552814
5,019746	1,559396
5,026393	1,567354
5,040077	1,583833
5,050435	1,597853
5,057058	1,606819
5,062636	1,614738
5,071859	1,628516
5,078312	1,638155
5,083788	1,646823
5,094268	1,663829
5,100832	1,674575
5,130464	1,727106
5,143357	1,751095
5,151747	1,767243
5,15812	1,779509
5,164204	1,791519
5,173348	1,809773
5,179001	1,821058
5,18438	1,832039
5,198296	1,860595
5,20509	1,874724
5,21667	1,898916
5,223577	1,913421
5,23385	1,935094
5,240397	1,948909
5,250692	1,970668
5,257964	1,986039
5,264522	1,999841
5,283345	2,039281
5,299906	2,073574
5,306809	2,087554
5,316127	2,106415
5,322238	2,118645
5,331162	2,13615
5,338099	2,149757
5,344818	2,162558
5,35994	2,191032
5,367095	2,203841
5,37631	2,220329
5,38322	2,232345
5,392456	2,247872
5,3997	2,26005
5,407339	2,271998
5,41643	2,286173
5,423576	2,296842
5,432168	2,309099
5,44018	2,320502
5,450876	2,334216
5,460472	2,346447
5,478856	2,36717
5,487198	2,375391
5,498151	2,385937
5,504564	2,391325
5,515231	2,399759
5,5226	2,405122
5,53335	2,41171
5,54082	2,416137
5,550515	2,420304
5,558112	2,423568
5,565616	2,425744
5,574361	2,427868
5,58222	2,429359
5,591777	2,429879
5,59908	2,430277
5,606149	2,429502
5,620347	2,42753
5,63028	2,424332
5,637709	2,421941
5,64432	2,419013
5,655549	2,41332
5,662952	2,409033
5,673395	2,401852
5,68049	2,396888
5,696923	2,382702
5,703965	2,375958
5,713304	2,366329
5,721163	2,358039
5,730654	2,346736
5,736243	2,34008
5,742846	2,331786
5,751675	2,319941
5,759337	2,309661
5,766199	2,299585
5,776041	2,285001
5,783248	2,273907
5,798274	2,249733
5,804416	2,239346
5,813915	2,222976
5,820467	2,211639
5,830259	2,193777
5,836353	2,182663
5,843073	2,17014
5,851632	2,153791
5,85797	2,141682
5,863553	2,130765
5,875782	2,106531
5,881519	2,09508
5,890754	2,07627
5,897535	2,062456
5,904486	2,048122
5,914089	2,028183
5,920609	2,014633
5,929163	1,996677
5,935484	1,983411
5,942031	1,969658
5,950467	1,9519
5,957113	1,937912
5,96368	1,924129
5,977727	1,894713
5,983769	1,882174
5,992648	1,863845
5,99974	1,849205
6,007267	1,834005
6,017671	1,813011
6,024065	1,800361
6,034039	1,780858
6,041837	1,765751
6,056796	1,73764
6,062594	1,72698
6,070763	1,712378
6,076292	1,702494
6,081578	1,693211
6,089859	1,679285
6,095876	1,669167
6,102229	1,658749
6,114107	1,640193
6,122118	1,627958
6,131575	1,614437
6,139154	1,603598
6,145791	1,594944
6,160981	1,575561
6,17188	1,563229
6,178813	1,555383
6,184464	1,549721
6,194121	1,540374
6,20006	1,534636
6,209867	1,526827
6,21768	1,520605
6,231926	1,511384
6,241719	1,505642
6,251399	1,501423
6,258372	1,498383
6,265238	1,496364
6,274938	1,493939
6,281269	1,492595
6,295954	1,491686
6,302765	1,491786
6,313082	1,493093
6,319906	1,493957
6,327937	1,496462
6,34016	1,500331
6,34952	1,505
6,355757	1,508111
6,362186	1,511714
6,379308	1,523354
6,386395	1,529294
6,39567	1,537227
6,402359	1,543344
6,411966	1,553172
6,41828	1,559632
6,423933	1,566042
6,433225	1,577032
6,440157	1,585252
6,453168	1,602586
6,459268	1,610711
6,466756	1,621632
6,476818	1,636441
6,482972	1,645883
6,4929	1,661774
6,500376	1,673783
6,510751	1,691574
6,517621	1,703356
6,524657	1,715893
6,538505	1,74104
6,544943	1,753161
6,55609	1,774372
6,562285	1,786325
6,572867	1,807223
6,579175	1,819679
6,586636	1,834787
6,596841	1,855517
6,60391	1,870025
6,618044	1,899271
6,623966	1,911611
6,633372	1,931277
6,640667	1,946534
6,650757	1,96768
6,657508	1,98183
6,663077	1,993465
6,672994	2,014131
6,679259	2,027188
6,692577	2,054585
6,702749	2,075372
6,713183	2,096352
6,718625	2,107294
6,724544	2,118917
6,733464	2,136308
6,740356	2,149718
6,748559	2,165081
6,754483	2,176174
6,761174	2,188598
6,777596	2,217845
6,783982	2,228794
6,792446	2,242968
6,799614	2,254972
6,806797	2,266185
6,815793	2,280173
6,822445	2,290196
6,82993	2,300854
6,837299	2,311349
6,844022	2,32035
6,853022	2,331886
6,860161	2,341011
6,86889	2,350864
6,875211	2,357998
6,880924	2,364297
6,888831	2,371939
6,894617	2,377531
6,900721	2,383307
6,909664	2,390428
6,91631	2,395719
6,923131	2,400599
6,931558	2,405826
6,938257	2,409982
6,945993	2,413695
6,954799	2,417562
6,961606	2,420255
6,977204	2,424219
6,987215	2,425416
7,001005	2,426158
7,010972	2,424966
7,018018	2,424124
7,026186	2,421995
7,037859	2,418426
7,046808	2,41444
7,059545	2,408206
7,066453	2,403668
7,075948	2,397317
7,081856	2,393042
7,098198	2,379262
7,106691	2,370983
7,11789	2,359671
7,126085	2,350424
7,135166	2,339806
7,1433	2,329799
7,152576	2,317562
7,159666	2,308207
7,165565	2,299646
7,17519	2,285602
7,181966	2,275466
7,197182	2,251336
7,203529	2,240866
7,215283	2,220883
7,222842	2,207745
7,233912	2,187809
7,240142	2,176575
7,249555	2,158807
7,256179	2,146303
7,263377	2,132474
7,27198	2,115619
7,278748	2,102359
7,28623	2,08735
7,301965	2,055558
7,311137	2,036706
7,318264	2,022057
7,325612	2,006821
7,335922	1,985383
7,343102	1,970434
7,353522	1,948694
7,360454	1,934237
7,373242	1,907679
7,378918	1,895893
7,384919	1,883559
7,394297	1,864329
7,40031	1,852014
7,410253	1,83207
7,417093	1,81835
7,424431	1,803893
7,434408	1,784469
7,440463	1,772716
7,450043	1,754778
7,46295	1,730877
7,473449	1,71216
7,482098	1,696959
7,492831	1,678944
7,500449	1,666209
7,510175	1,651027
7,517316	1,63988
7,522808	1,631675
7,532801	1,617381
7,538444	1,609308
7,544382	1,601437
7,559153	1,582405
7,565262	1,575336
7,576666	1,562383
7,583475	1,555212
7,593245	1,545696
7,600752	1,538511
7,610034	1,531046
7,6164	1,525925
7,62313	1,521064
7,63873	1,511268
7,645372	1,508068
7,658873	1,502029
7,665802	1,5
7,675565	1,497434
7,683438	1,496006
7,694315	1,495177
7,700341	1,494781
7,716355	1,496559
7,722929	1,497834
7,731874	1,500493
7,737534	1,502175
7,74325	1,504472
7,752046	1,508702
7,758929	1,512013
7,764638	1,515594
7,773959	1,521755
7,779948	1,525714
7,786836	1,531453
7,796291	1,539345
7,80297	1,545416
7,819157	1,561631
7,825507	1,568868
7,835286	1,580219
7,842405	1,588842
7,852595	1,60219
7,860277	1,612291
7,87003	1,626428
7,877164	1,63677
7,883619	1,646592
7,900385	1,673095
7,910579	1,69035
7,916949	1,701133
7,923379	1,71236
7,932899	1,729441
7,940184	1,742526
7,94973	1,760488
7,95707	1,774299
7,963603	1,786852
7,97781	1,814617
7,984548	1,828045
7,994644	1,848354
8,001222	1,861636
8,011756	1,883264
8,018516	1,897141
8,023882	1,908247
8,033382	1,927968
8,040322	1,942376
8,054298	1,971476
8,060542	1,984471
8,071867	2,007932
8,078382	2,021431
8,0841	2,033166
8,096643	2,058817
8,102744	2,071173
8,112175	2,090049
8,121281	2,1082
8,13694	2,138614
8,143121	2,150385
8,152192	2,167323
8,159114	2,180248
8,165607	2,191869
8,175423	2,209311
8,183345	2,223042
8,193117	2,239388
8,200706	2,252001
8,210336	2,266991
8,218044	2,278991
8,223881	2,287576
8,237445	2,306944
8,244252	2,316067
8,253394	2,327836
8,25883	2,334833
8,265071	2,342102
8,274033	2,352284
8,280964	2,360004
8,291181	2,369973
8,298044	2,376669
8,303778	2,381626
8,312781	2,388892
8,319546	2,394352
8,32595	2,398483
8,333409	2,403204
8,340684	2,407685
8,348067	2,41103
8,353479	2,413482
8,360336	2,416528
8,368838	2,41882
8,376316	2,420835
8,384937	2,422243
8,402594	2,423245
8,412358	2,422248
8,418698	2,421601
8,425127	2,419996
8,43352	2,417586
8,439751	2,415797
8,447378	2,412257
8,456931	2,407768
8,463416	2,40411
8,47445	2,396952
8,48316	2,390752
8,495128	2,380907
8,504006	2,372937
8,521868	2,354972
8,530452	2,345118
8,53758	2,336935
8,54388	2,329119
8,554043	2,315927
8,560663	2,307241
8,569683	2,29427
8,576864	2,283944
8,58274	2,275147
8,59178	2,260998
8,598008	2,25125
8,604436	2,240682
8,619535	2,215317
8,626615	2,202754
8,635768	2,186449
8,641932	2,175301
8,650578	2,159144
8,657254	2,146668
8,663483	2,134775
8,672622	2,117035
8,681417	2,09988
8,690596	2,081536
8,697861	2,067016
8,704435	2,053694
8,718949	2,024088
8,726317	2,0089
8,736933	1,98698
8,74318	1,974054
8,752652	1,954414
8,758768	1,941732
8,764917	1,929021
8,779839	1,898202
8,78662	1,884358
8,79651	1,864174
8,802162	1,852726
8,812721	1,831609
8,819959	1,817134
8,827512	1,802456
8,837964	1,782149
8,847445	1,764268
8,868689	1,725301
8,885272	1,696281
8,895153	1,679679
8,90113	1,669769
8,910609	1,65494
8,916658	1,645477
8,923094	1,635808
8,938058	1,614323
8,944909	1,605175
8,955271	1,591751
8,961567	1,583831
8,971891	1,572013
8,977767	1,565288
8,984696	1,558108
8,994575	1,548383
9,001418	1,541883
9,017106	1,529077
9,02403	1,52413
9,034691	1,517291
9,041724	1,513088
9,051638	1,508506
9,058207	1,50547
9,063948	1,503539
9,0742	1,500679
9,080621	1,499002
9,094377	1,497716
9,101002	1,497283
9,111862	1,49829
9,119261	1,498976
9,12657	1,500872
9,138645	1,504231
9,145522	1,507154
9,160486	1,514144
9,170153	1,520338
9,176434	1,524363
9,18275	1,528887
9,192466	1,536797
9,198425	1,54165
9,205977	1,54879
9,215724	1,558342
9,222381	1,565244
9,237643	1,582624
9,243361	1,589643
9,253782	1,603085
9,26051	1,611834
9,271036	1,626881
9,278038	1,636891
9,28398	1,6459
9,294302	1,661988
9,300122	1,671074
9,313197	1,692957
9,318492	1,70182
9,324163	1,711738
9,333961	1,729137
9,341283	1,742253
9,352494	1,763155
9,359	1,775283
9,365359	1,787532
9,382223	1,820343
9,393147	1,842153
9,40028	1,856403
9,409858	1,875933
9,416149	1,888761
9,422116	1,900979
9,431486	1,920313
9,437047	1,931785
9,443584	1,945302
9,458641	1,976485
9,464702	1,988996
9,47506	2,010359
9,48058	2,021729
9,491123	2,043205
9,497277	2,055742
9,50426	2,06979
9,514058	2,089344
9,521262	2,103647
9,535548	2,131333
9,541824	2,143363
9,550776	2,160054
9,557776	2,17311
9,563728	2,18388
9,573179	2,200672
9,579662	2,212189
9,585673	2,222286
9,59388	2,236024
9,59936	2,245197
9,606167	2,255889
9,622359	2,280846
9,631887	2,294498
9,638263	2,303633
9,644198	2,311556
9,652115	2,321801
9,658687	2,330305
9,666327	2,339249
9,674881	2,34904
9,681583	2,35646
9,690759	2,365506
9,697172	2,371829
9,704222	2,378073
9,712738	2,385048
9,719932	2,390938
9,726588	2,395251
9,739474	2,403577
9,745984	2,406716
9,754925	2,410899
9,761536	2,413712
9,76931	2,415932
9,77741	2,418245
9,783134	2,419302
9,79251	2,420251
9,798209	2,420828
9,804215	2,420656
9,812763	2,419939
9,81941	2,419382
9,826633	2,417554
9,836563	2,414892
9,843866	2,41223
9,857522	2,406083
9,864564	2,4021
9,874289	2,39599
9,879834	2,392506
9,886689	2,387038
9,896471	2,379195
9,904065	2,372431
9,919271	2,357709
9,925475	2,350834
9,941341	2,332752
9,951519	2,319755
9,958331	2,311056
9,965155	2,30162
9,974343	2,288598
9,980718	2,279472
9,991255	2,263196
9,998238	2,25241
10,00534	2,240824
10,01939	2,217498
10,02676	2,204582
10,03479	2,190414
10,04241	2,176779
10,0511	2,160703
10,05762	2,148627
10,06334	2,137796
10,07218	2,120795
10,07884	2,107972
10,08471	2,09641
10,09329	2,079396
10,09923	2,06763
10,10654	2,052851
10,1224	2,020664
10,13106	2,002895
10,13757	1,989546
10,1435	1,977338
10,15451	1,954643
10,16165	1,93992
10,17251	1,917607
10,17958	1,903066
10,18582	1,890387
10,19496	1,871809
10,20109	1,85939
10,21807	1,825537
10,22432	1,813323
10,23336	1,795786
10,24052	1,781953
10,24982	1,764585
10,2565	1,752111
10,26254	1,74104
10,27222	1,723799
10,27943	1,710962
10,28582	1,700162
10,30145	1,674049
10,31237	1,656924
10,31882	1,646825
10,32604	1,636261
10,33623	1,621588
10,34155	1,61413
10,35044	1,602564
10,35632	1,594899
10,36152	1,588355
10,37476	1,573088
10,38269	1,564369
10,393	1,554117
10,39907	1,548073
10,40528	1,542779
10,41626	1,533683
10,4224	1,529015
10,43396	1,52144
10,44116	1,516931
10,45746	1,509155
10,46405	1,506746
10,47426	1,50373
10,48083	1,501944
10,4912	1,500793
10,49738	1,500107
10,50388	1,500104
10,51419	1,500869
10,52043	1,50141
10,54421	1,508333
10,56132	1,516114
10,57454	1,524314
10,58228	1,529509
10,5935	1,538411
10,60102	1,544545
10,61068	1,55382
10,61782	1,560676
10,62428	1,567552
10,64037	1,585612
10,65078	1,598822
10,65687	1,606555
10,66443	1,616777
10,67378	1,629956
10,68029	1,639169
10,68971	1,653667
10,69588	1,66315
10,70325	1,674864
10,71909	1,70108
10,72744	1,715651
10,73956	1,736954
10,74708	1,750806
10,75643	1,768071
10,76367	1,781696
10,7793	1,811737
10,78689	1,826721
10,7986	1,849917
10,80689	1,866639
10,81802	1,889168
10,82608	1,905639
10,83665	1,927309
10,84375	1,941899
10,85868	1,972641
10,86478	1,985161
10,87526	2,006667
10,88289	2,022246
10,8959	2,048633
10,90463	2,066174
10,91982	2,096365
10,92797	2,112146
10,93915	2,133737
10,94591	2,146395
10,95515	2,163586
10,96148	2,175235
10,97056	2,191367
10,97778	2,204181
10,98402	2,214849
10,99479	2,232878
11,00201	2,244747
11,01796	2,269654
11,02646	2,282125
11,03529	2,294809
11,04186	2,303994
11,05066	2,31544
11,05818	2,325214
11,06381	2,331975
11,07436	2,34413
11,0808	2,351429
11,09124	2,361819
11,0986	2,369141
11,10618	2,375662
11,11643	2,384167
11,12306	2,389149
11,13172	2,394849
11,13896	2,399616
11,15092	2,405564
11,15948	2,409691
11,16606	2,411765
11,17522	2,414522
11,18183	2,416176
11,19014	2,417156
11,19813	2,418097
11,20544	2,417958
11,21663	2,417219
11,22368	2,416079
11,23363	2,413596
11,24061	2,411747
11,25568	2,405257
11,26293	2,401613
11,27297	2,395507
11,27973	2,391393
11,28634	2,386282
11,29779	2,377337
11,30472	2,371137
11,31505	2,361356
11,3222	2,354241
11,3393	2,335324
11,34767	2,324914
11,3608	2,30832
11,37214	2,29249
11,37903	2,282869
11,38545	2,273206
11,39491	2,258796
11,40159	2,248431
11,41776	2,221916
11,42469	2,210065
11,43457	2,192846
11,44123	2,181129
11,45135	2,162586
11,45755	2,151231
11,46448	2,138195
11,47382	2,1204
11,47963	2,109319
11,48557	2,097666
11,49457	2,079962
11,50111	2,067051
11,51735	2,034426
11,52413	2,020672
11,53275	2,003105
11,54061	1,987081
11,54993	1,967989
11,55694	1,953617
11,56279	1,94164
11,57273	1,921316
11,57969	1,907091
11,58634	1,893622
11,59701	1,872049
11,60325	1,859531
11,61906	1,828139
11,62598	1,81472
11,63526	1,796769
11,64202	1,783855
11,65139	1,766385
11,6579	1,754248
11,66411	1,743019
11,67441	1,724704
11,68104	1,713004
11,69484	1,689804
11,70052	1,680299
11,70974	1,66583
11,71558	1,656673
11,72177	1,647185
11,7315	1,633129
11,73789	1,623896
11,74375	1,615938
11,75424	1,602216
11,76059	1,594005
11,77743	1,574451
11,78355	1,567901
11,79348	1,557931
11,79906	1,55233
11,80536	1,546889
11,81505	1,538756
11,82154	1,533572
11,83126	1,527081
11,83787	1,522664
11,84389	1,519329
11,86286	1,510528
11,87784	1,505869
11,88728	1,504267
11,90251	1,50278
11,91756	1,503624
11,92603	1,505208
11,94462	1,5105
11,95527	1,514986
11,96127	1,51774
11,97071	1,523395
11,97666	1,526959
11,9822	1,530657
11,99128	1,537663
11,99733	1,542336
12,00331	1,547502
12,01947	1,562674
12,02638	1,57019
12,03581	1,580548
12,04222	1,587922
12,05116	1,599106
12,05707	1,606479
12,06273	1,613936
12,07154	1,626188
12,07731	1,634207
12,0826	1,641898
12,09852	1,666075
12,10579	1,677799
12,11764	1,69718
12,12408	1,708123
12,13451	1,726264
12,14048	1,736688
12,15013	1,754329
12,15708	1,767045
12,16369	1,779404
12,2134	1,876667
12,23855	1,927703
12,25185	1,954919
12,26989	1,991797
12,28484	2,022198
12,29492	2,042547
12,30069	2,054177
12,31	2,072613
12,316	2,084496
12,32244	2,097123
12,33529	2,121897
12,34158	2,133901
12,35048	2,15043
12,35711	2,162755
12,36309	2,173589
12,37186	2,189139
12,37798	2,199985
12,38359	2,209577
12,39178	2,223286
12,39766	2,233131
12,40399	2,243284
12,41136	2,254802
12,41765	2,264628
12,4236	2,273488
12,43166	2,285094
12,43796	2,294166
12,44412	2,302485
12,45847	2,321213
12,4641	2,32796
12,47354	2,338902
12,47941	2,345704
12,48535	2,351755
12,49412	2,360562
12,50018	2,366611
12,50941	2,374363
12,51631	2,380162
12,52326	2,385441
12,53819	2,395448
12,54817	2,400709
12,56358	2,407692
12,57669	2,411826
12,58426	2,413438
12,60642	2,415226
12,61495	2,414805
12,62162	2,414182
12,63077	2,412062
12,6378	2,410434
12,64316	2,408626
12,65253	2,404764
12,65821	2,402424
12,66376	2,399475
12,67252	2,394313
12,67848	2,390803
12,68522	2,385939
12,70073	2,374014
12,71381	2,361894
12,71996	2,356194
12,72671	2,348871
12,73622	2,338553
12,74303	2,330706
12,75233	2,319224
12,75875	2,311296
12,7645	2,30355
12,77901	2,283603
12,78465	2,27525
12,79425	2,26081
12,80024	2,251774
12,81091	2,234486
12,81886	2,221609
12,82578	2,209798
12,83395	2,19572
12,84002	2,185254
12,85299	2,161738
12,85921	2,150459
12,86625	2,137215
12,87499	2,120721
12,88041	2,110444
12,89062	2,090545
12,89679	2,078515
12,90278	2,066728
12,91196	2,048419
12,91876	2,034851
12,92449	2,023282
12,94397	1,983824
12,95397	1,963461
12,96076	1,949636
12,97031	1,930209
12,97659	1,917435
12,98223	1,906014
12,99145	1,887455
12,99838	1,873492
13,00602	1,858325
13,01466	1,841241
13,02139	1,827997
13,03764	1,796694
13,04496	1,782921
13,05427	1,765623
13,06052	1,754045
13,07169	1,734189
13,07775	1,723422
13,08411	1,712523
13,09379	1,696251
13,10116	1,683992
13,1189	1,656129
13,1257	1,646157
13,13631	1,630802
13,14285	1,621722
13,15286	1,608568
13,15872	1,600875
13,16442	1,594044
13,17338	1,583578
13,17918	1,576809
13,18455	1,571245
13,19999	1,555607
13,20738	1,549334
13,21774	1,540533
13,22434	1,53566
13,23372	1,529292
13,2408	1,524621
13,25023	1,51986
13,25653	1,516683
13,26339	1,513827
13,27818	1,50901
13,28422	1,507812
13,29499	1,506261
13,30157	1,505602
13,31166	1,505996
13,31839	1,506259
13,32522	1,507478
13,33512	1,509673
13,34183	1,511489
13,35663	1,517443
13,36213	1,520031
13,37155	1,525489
13,3778	1,529109
13,38372	1,533181
13,39349	1,54052
13,39966	1,545156
13,40689	1,551733
13,41801	1,561933
13,42556	1,569735
13,44067	1,586108
13,44979	1,597288
13,45642	1,60543
13,46275	1,613576
13,47418	1,629204
13,48216	1,640386
13,49786	1,663883
13,50422	1,673901
13,51437	1,690292
13,52	1,699393
13,5313	1,718817
13,53908	1,732199
13,54669	1,745882
13,55712	1,764761
13,56381	1,777155
13,58424	1,815949
13,59484	1,836582
13,60059	1,847815
13,61086	1,868298
13,61779	1,882113
13,62408	1,894766
13,63574	1,918377
13,64321	1,933536
13,65821	1,964072
13,66388	1,97561
13,67406	1,996305
13,68036	2,009084
13,69031	2,029098
13,69803	2,044644
13,70659	2,061611
13,71702	2,082215
13,72443	2,096627
13,74064	2,127743
13,7562	2,156609
13,76584	2,174005
13,77906	2,197433
13,78877	2,21379
13,79852	2,230113
13,80586	2,241776
13,81516	2,256335
13,82341	2,268856
13,83963	2,292279
13,84561	2,300178
13,85402	2,3112
13,86055	2,319681
13,87023	2,330979
13,87743	2,339382
13,8848	2,34725
13,89386	2,356429
13,90093	2,363447
13,91007	2,371227
13,917	2,377122
13,92419	2,382536
13,93342	2,388842
13,94039	2,393533
13,95567	2,401313
13,96447	2,404995
13,97359	2,408013
13,98017	2,410156
13,98985	2,411609
13,99701	2,412684
14,00358	2,413018
14,01256	2,412733
14,01957	2,41251
14,02717	2,410967
14,03755	2,408752
14,04386	2,406715
14,05578	2,402031
14,06164	2,399435
14,08366	2,386277
14,09593	2,37718
14,10258	2,371819
14,11211	2,363175
14,11983	2,356168
14,12639	2,349202
14,13662	2,3383
14,14318	2,330827
14,15768	2,3132
14,16356	2,305539
14,17488	2,290194
14,18097	2,281801
14,19068	2,267364
14,197	2,257962
14,20358	2,247774
14,21499	2,229477
14,2222	2,217685
14,23903	2,188938
14,24712	2,174486
14,25772	2,155418
14,26395	2,143911
14,27473	2,123708
14,28202	2,109917
14,29156	2,09146
14,2981	2,078793
14,30456	2,066075
14,32007	2,035317
14,32963	2,01609
14,33615	2,00296
14,34241	1,990322
14,35146	1,971992
14,35873	1,957257
14,36488	1,944794
14,37509	1,924112
14,38137	1,91142
14,39097	1,892161
14,39663	1,880792
14,40266	1,868784
14,41762	1,839278
14,42512	1,824736
14,43533	1,805114
14,44197	1,792464
14,45254	1,772836
14,45974	1,759462
14,46568	1,748891
14,47429	1,733596
14,48026	1,723022
14,49478	1,698598
14,50115	1,688005
14,51058	1,673178
14,51755	1,662214
14,5246	1,651682
14,53531	1,636139
14,5414	1,62748
14,55245	1,6129
14,56099	1,601787
14,57748	1,582409
14,58451	1,57485
14,59438	1,564763
14,60342	1,556084
14,61348	1,547437
14,62028	1,541638
14,63006	1,534883
14,63666	1,530325
14,64333	1,526293
14,65842	1,518484
14,66447	1,51615
14,67434	1,5128
14,68072	1,510767
14,69274	1,50886
14,69914	1,507844
14,70525	1,50783
14,71494	1,508057
14,72224	1,508635
14,73579	1,511415
14,742	1,513049
14,75067	1,516386
14,7569	1,518787
14,76318	1,521767
14,7723	1,526895
14,77853	1,530395
14,78521	1,535042
14,79414	1,541594
14,80062	1,54646
14,81336	1,557918
14,82041	1,564327
14,83051	1,575011
14,83751	1,582421
14,84361	1,589429
14,85398	1,601964
14,861	1,610587
14,87074	1,623726
14,87804	1,633579
14,88394	1,642056
14,89922	1,664654
14,90576	1,675025
14,91407	1,688294
14,92001	1,6978
14,93002	1,714845
14,93678	1,726349
14,94343	1,737985
14,95308	1,755305
14,96021	1,768111
14,97454	1,794927
14,98158	1,808189
14,99142	1,827229
14,99851	1,840926
15,00533	1,85437
15,01639	1,876276
15,0235	1,890469
15,03823	1,92012
15,04649	1,936832
15,05665	1,957431
15,06354	1,971362
15,07432	1,993174
15,07961	2,003876
15,08544	2,015579
15,09511	2,034959
15,10224	2,049173
15,11929	2,082746
15,12696	2,097496
15,13721	2,117165
15,14294	2,127965
15,15291	2,146426
15,15927	2,158203
15,16588	2,169967
15,17599	2,187876
15,18217	2,198622
15,18985	2,21149
15,19534	2,220685
15,2006	2,229426
15,21544	2,252707
15,2223	2,263198
15,23085	2,275572
15,23723	2,284814
15,24345	2,293373
15,2522	2,304898
15,26035	2,31558
15,2688	2,325495
15,27585	2,333775
15,28267	2,341372
15,29093	2,349793
15,29716	2,356146
15,30355	2,362063
15,31273	2,36987
15,32051	2,376404
15,33004	2,382846
15,33701	2,38756
15,34291	2,391017
15,35775	2,398329
15,36519	2,401045
15,37454	2,403935
15,38185	2,405847
15,39028	2,406873
15,39608	2,407578
15,40314	2,407787
15,41271	2,406969
15,42085	2,406104
15,43137	2,403109
15,43863	2,401041
15,44478	2,398214
15,45425	2,393388
15,46062	2,390002
15,47533	2,379098
15,48263	2,372935
15,49309	2,362188
15,49996	2,355127
15,50702	2,344532
15,51665	2,330054
15,52303	2,319149
15,53274	2,300394
15,54449	2,27568
15,55619	2,247802
15,56362	2,22851
15,57331	2,201156
15,57977	2,182939
15,58698	2,158413
15,5989	2,117624
15,60672	2,08803
15,62246	2,026996
15,63616	1,971395
15,64407	1,937747
15,65499	1,889269
15,66258	1,854712
15,67259	1,80689
15,67978	1,772517
15,68769	1,731195
15,70629	1,633378
15,71645	1,579547
15,72344	1,541868
15,73408	1,483388
15,74279	1,435097
15,75382	1,372808
15,76803	1,294561
15,78424	1,208392
15,79493	1,153862
15,80147	1,121034
15,81033	1,078779
15,81655	1,049157
15,82381	1,015949
15,83364	0,9727388
15,84182	0,9375581
15,85546	0,8831855
15,86267	0,8555956
15,87265	0,8202156
15,87852	0,7993837
15,88507	0,7785277
15,89643	0,743562
15,90351	0,7235001
15,91487	0,6941522
15,92199	0,6767915
15,93764	0,6444365
15,94343	0,6342852
15,95354	0,6187337
15,95996	0,6088719
15,96678	0,6020636
15,97624	0,5926623
15,98354	0,5873589
15,99333	0,5830272
15,99951	0,580294
16,00768	0,5809417
16,0227	0,5841256
16,03346	0,5912892
16,04047	0,5962123
16,05259	0,6109291
16,05995	0,6198571
16,06654	0,6313763
16,08074	0,6566331
16,09193	0,6820901
16,09818	0,6963179
16,10616	0,7175873
16,11675	0,7470685
16,12436	0,7703414
16,13436	0,8030246
16,14124	0,8260738
16,15549	0,8790985
16,16209	0,9045846
16,17125	0,9425818
16,17888	0,9742667
16,18797	1,015147
16,20112	1,075275
16,21253	1,131207
16,21993	1,167516
16,22685	1,203589
16,24342	1,291041
16,25535	1,356602
16,26177	1,392255
16,27233	1,452724
16,27915	1,49179
16,28575	1,530622
16,29564	1,589086
16,30185	1,626058
16,31662	1,715386
16,3239	1,759773
16,33428	1,823518
16,34174	1,8694
16,35348	1,941941
16,3624	1,997078
16,37326	2,064145
16,3798	2,104521
16,38657	2,145917
16,40045	2,230794
16,41087	2,293391
16,41775	2,334777
16,42418	2,372746
16,43415	2,431144
16,44111	2,471682
16,45618	2,556908
16,4625	2,592035
16,47248	2,646023
16,47852	2,678697
16,48507	2,712661
16,49401	2,758413
16,5002	2,790063
16,50977	2,835876
16,51629	2,867094
16,5226	2,89633
16,53077	2,93242
16,53738	2,961654
16,54381	2,988502
16,55783	3,04477
16,56377	3,066962
16,57395	3,103369
16,58019	3,125582
16,58823	3,15058
16,5943	3,16944
16,60089	3,189501
16,60814	3,208457
16,61336	3,222136
16,62027	3,24008
16,6284	3,257184
16,63483	3,2707
16,64186	3,284512
16,64946	3,296483
16,65816	3,310179
16,66596	3,319221
16,67425	3,327762
16,68123	3,334286
16,68996	3,338479
16,69724	3,341973
16,70362	3,343027
16,71142	3,34244
16,7188	3,341885
16,72547	3,338349
16,73904	3,329797
16,74579	3,322366
16,75412	3,312531
16,76052	3,304694
16,76939	3,28945
16,77553	3,278892
16,78162	3,26758
16,79026	3,248181
16,79735	3,232273
16,80383	3,21578
16,81171	3,194104
16,81794	3,176946
16,82485	3,15558
16,83947	3,108259
16,84658	3,082212
16,85653	3,045446
16,863	3,020239
16,87293	2,979244
16,8796	2,951734
16,88606	2,922654
16,89686	2,873816
16,90327	2,843653
16,91817	2,770865
16,92456	2,738201
16,93446	2,686718
16,94095	2,652658
16,95139	2,595452
16,95851	2,556408
16,96624	2,512535
16,9757	2,458431
16,98129	2,426248
16,99639	2,336979
17,00305	2,297161
17,01266	2,239021
17,02008	2,19408
17,02987	2,133915
17,03717	2,089051
17,044	2,046916
17,05433	1,982969
17,06099	1,941764
17,07438	1,859004
17,08069	1,820067
17,0911	1,756331
17,0969	1,720851
17,10275	1,685295
17,1141	1,617004
17,12181	1,570852
17,13914	1,46927
17,14599	1,430281
17,15624	1,372239
17,1622	1,339044
17,17202	1,285845
17,17874	1,249456
17,18534	1,215315
17,19459	1,167876
17,202	1,130588
17,21694	1,058919
17,22344	1,029001
17,23472	0,9790016
17,24161	0,9491409
17,25124	0,9103526
17,25842	0,8814508
17,26403	0,8606274
17,27319	0,8277072
17,27873	0,8078265
17,28493	0,7878664
17,30034	0,7398677
17,31061	0,7128094
17,31704	0,6958757
17,32337	0,68092
17,3334	0,659628
17,34113	0,643834
17,35071	0,6285595
17,3584	0,6163093
17,3655	0,6079676
17,38257	0,5914133
17,39428	0,585533
17,40141	0,5827319
17,4111	0,5832289
17,41704	0,5835338
17,42244	0,58516
17,43324	0,5916894
17,44019	0,5959921
17,45992	0,6187258
17,47102	0,6374527
17,48327	0,6598642
17,49298	0,6813739
17,49985	0,69658
17,50787	0,7183143
17,51861	0,747556
17,52627	0,7714313
17,54102	0,8191985
17,5512	0,8565171
17,55907	0,885386
17,56614	0,9139468
17,5769	0,9580094
17,58301	0,9842357
17,59353	1,031491
17,59967	1,059084
17,60664	1,092771
17,62208	1,168379
17,63139	1,216583
17,63842	1,252966
17,6445	1,285679
17,65507	1,343361
17,66204	1,381851
17,67306	1,444548
17,6792	1,479492
17,68924	1,538363
17,70601	1,637842
17,71612	1,698744
17,7242	1,747839
17,7351	1,814547
17,74256	1,860321
17,75217	1,919631
17,75883	1,960697
17,76571	2,00308
17,78124	2,098822
17,79319	2,171838
17,80032	2,215416
17,81111	2,280316
17,81737	2,317969
17,82382	2,356176
17,8338	2,414696
17,84095	2,456487
17,85448	2,533164
17,86133	2,571698
17,87173	2,628177
17,87921	2,668807
17,88584	2,703136
17,89672	2,759101
17,9037	2,793805
17,9138	2,842478
17,92092	2,876479
17,93472	2,937972
17,94213	2,970123
17,95144	3,007837
17,95863	3,037009
17,96498	3,06059
17,97393	3,092995
17,98015	3,115451
17,9891	3,143699
17,99599	3,165485
18,00403	3,188902
18,01294	3,212682
18,02031	3,232217
18,02946	3,25198
18,03594	3,265983
18,04284	3,279396
18,05014	3,291311
18,05779	3,303805
18,06328	3,311003
18,07162	3,320119
18,07892	3,328094
18,09141	3,335469
18,10037	3,340134
18,10999	3,340032
18,11957	3,339929
18,12791	3,335458
18,13876	3,329329
18,14471	3,323381
18,15434	3,312654
18,16076	3,305091
18,17053	3,288921
18,17793	3,276677
18,18486	3,262655
18,19428	3,242117
18,19991	3,229852
18,20691	3,211037
18,21681	3,184403
18,22885	3,147682
18,23926	3,114588
18,24616	3,089821
18,25612	3,053555
18,26151	3,033289
18,27066	2,996042
18,27804	2,965965
18,28359	2,941918
18,30112	2,863112
18,31142	2,813315
18,31842	2,779456
18,32518	2,74508
18,33601	2,689225
18,34163	2,659735
18,35019	2,613124
18,35676	2,577368
18,36295	2,542991
18,3771	2,462536
18,38353	2,425328
18,39533	2,355897
18,40273	2,31201
18,41393	2,244433
18,42145	2,198993
18,43156	2,136968
18,43845	2,094789
18,44478	2,055753
18,46212	1,948608
18,47174	1,889206
18,47762	1,852862
18,48472	1,809247
18,49623	1,738781
18,50339	1,695233
18,51395	1,631602
18,52017	1,594184
18,53472	1,508652
18,54387	1,455621
18,55703	1,380909
18,56601	1,331344
18,5792	1,259619
18,58725	1,217909
18,60502	1,127942
18,61618	1,074072
18,62344	1,040298
18,63326	0,9964699
18,64013	0,9658716
18,65137	0,9201687
18,65954	0,8869287
18,66673	0,8606328
18,6813	0,8082737
18,69196	0,7744916
18,69838	0,7541102
18,70489	0,7358486
18,71647	0,7047694
18,72463	0,6852402
18,73559	0,6614059
18,74388	0,6454309
18,75957	0,6195582
18,76588	0,6123262
18,77535	0,6018128
18,78177	0,5956654
18,79267	0,5895529
18,79989	0,5855018
18,80652	0,5853868
18,82192	0,5863186
18,83131	0,5914282
18,83732	0,594696
18,84247	0,5988563
18,85193	0,6091867
18,8586	0,616472
18,86523	0,6265252
18,87549	0,6432624
18,88183	0,6545596
18,89631	0,6857932
18,90338	0,7027655
18,91235	0,7266698
18,91895	0,7442423
18,92514	0,7632516
18,93506	0,7945313
18,94167	0,8161127
18,95249	0,855222
18,95915	0,8792925
18,96486	0,9020336
18,98133	0,9691719
18,99177	1,015598
18,99911	1,048211
19,00668	1,084307
19,01693	1,13361
19,02401	1,168936
19,03378	1,219137
19,04006	1,251395
19,0559	1,337296
19,06489	1,387204
19,08008	1,473262
19,09498	1,560498
19,10506	1,620276
19,12374	1,73285
19,14283	1,849572
19,16013	1,956098
19,17119	2,024272
19,17785	2,06527
19,18577	2,113799
19,1959	2,175761
19,20354	2,22214
19,21983	2,320233
19,22716	2,363296
19,23706	2,421494
19,24381	2,460462
19,25366	2,516456
19,26037	2,554536
19,26976	2,605697
19,27741	2,647393
19,28415	2,682961
19,29846	2,756956
19,30604	2,794203
19,31503	2,8378
19,3213	2,867764
19,32953	2,904697
19,33634	2,935269
19,34334	2,965338
19,35288	3,004386
19,35983	3,032838
19,36639	3,05693
19,37412	3,085258
19,38008	3,107024
19,38891	3,135333
19,3964	3,159318
19,40342	3,180146
19,41314	3,206547
19,42021	3,225675
19,42819	3,24331
19,43431	3,256857
19,4402	3,269767
19,45252	3,290533
19,46039	3,303593
19,46805	3,312381
19,47403	3,319244
19,47943	3,325435
19,48543	3,329342
19,49366	3,334275
19,50068	3,338104
19,50948	3,338507
19,51655	3,338832
19,5237	3,337112
19,53279	3,332496
19,54022	3,328604
19,54855	3,319791
19,55479	3,313198
19,56048	3,306919
19,56854	3,29404
19,57584	3,282376
19,58254	3,270323
19,59939	3,234523
19,60749	3,213454
19,61845	3,184572
19,62694	3,158773
19,64255	3,108793
19,65976	3,046976
19,67068	3,003094
19,68675	2,935636
19,70493	2,853236
19,71926	2,784431
19,72673	2,746395
19,73621	2,69774
19,74292	2,662489
19,76165	2,560631
19,7712	2,506593
19,77783	2,469046
19,7832	2,438039
19,79424	2,373277
19,80159	2,329965
19,8124	2,264987
19,81942	2,222771
19,8251	2,188055
19,84114	2,089795
19,85185	2,02369
19,85838	1,983406
19,86429	1,946921
19,87424	1,885422
19,88077	1,845179
19,89075	1,783979
19,89718	1,744565
19,90342	1,706648
19,91872	1,614349
19,926	1,57129
19,9367	1,508263
19,94428	1,464424
19,95567	1,399519
19,96131	1,367692
19,97647	1,28493
19,98309	1,249662
19,99387	1,193815
20,00059	1,159182
20,01152	1,10612
20,0181	1,074136
20,02473	1,043641
20,03426	1,000798
20,0411	0,9704637
20,05638	0,9077737
20,06313	0,8814412
20,07382	0,8421485
20,08116	0,8157013
20,0915	0,7824568
20,09862	0,7595684
20,10578	0,7393728
20,11496	0,7143116
20,12172	0,6967224
20,13792	0,6607118
20,1434	0,6503121
20,15344	0,6332566
20,15979	0,6224808
20,16602	0,6151311
20,17723	0,602114
20,18389	0,5965178
20,1941	0,5902575
20,20047	0,5866086
20,21777	0,5855491
20,22663	0,5886698
20,23714	0,5938347
20,24437	0,599776
20,25448	0,6102922
20,26148	0,6183649
20,27145	0,6341176
20,27868	0,6455379
20,28465	0,6574101
20,2998	0,6893499
20,30816	0,7111308
20,31883	0,7390508
20,32687	0,7634305
20,33749	0,7964108
20,34447	0,8201697
20,35484	0,8571776
20,36081	0,8788325
20,37706	0,9438906
20,38337	0,9705346
20,39394	1,017086
20,40091	1,048146
20,41113	1,096931
20,41765	1,128057
20,42437	1,161583
20,43479	1,214741
20,44235	1,253996
20,46023	1,35052
20,47189	1,416247
20,47906	1,456689
20,48748	1,50562
20,4976	1,564702
20,50362	1,600404
20,5134	1,658965
20,51898	1,69242
20,52621	1,736325
20,54034	1,82249
20,5504	1,884384
20,55809	1,931683
20,56747	1,989469
20,57874	2,058873
20,58617	2,104386
20,59966	2,186966
20,60724	2,23263
20,62321	2,32847
20,63436	2,394133
20,64078	2,431768
20,65085	2,489238
20,65818	2,531032
20,66496	2,568543
20,67462	2,621403
20,68102	2,65618
20,69668	2,737524
20,70345	2,771625
20,71316	2,819016
20,72093	2,856591
20,73099	2,902065
20,73759	2,931912
20,74305	2,955414
20,75198	2,992276
20,7599	3,025009
20,76699	3,051301
20,77568	3,083494
20,78377	3,111707
20,7944	3,14623
20,80089	3,166862
20,80866	3,188342
20,8144	3,204232
20,82201	3,224241
20,83014	3,242604
20,83645	3,256864
20,84291	3,269945
20,85773	3,295671
20,86433	3,304807
20,87237	3,314442
20,87977	3,323314
20,88618	3,327619
20,89346	3,332364
20,8991	3,336041
20,90573	3,337194
20,91356	3,33797
20,92032	3,338463
20,92991	3,334104
20,93659	3,331069
20,94425	3,32525
20,95364	3,315817
20,95953	3,309904
20,96595	3,300236
20,97379	3,288113
20,97993	3,278627
20,98607	3,265942
20,99551	3,246354
21,00209	3,23164
21,02118	3,181692
21,03409	3,141962
21,04002	3,123683
21,04974	3,089218
21,05611	3,066617
21,06309	3,040551
21,07393	2,997327
21,07929	2,975983
21,086	2,946809
21,10251	2,873375
21,11347	2,821204
21,12047	2,787693
21,13057	2,736274
21,1374	2,701527
21,14383	2,667805
21,1541	2,612815
21,16139	2,573538
21,17966	2,471893
21,18729	2,428519
21,19809	2,367018
21,20538	2,325402
21,2169	2,259549
21,22375	2,220751
21,23378	2,164412
21,24014	2,128649
21,25676	2,038521
21,26412	1,999841
21,27429	1,947659
21,28053	1,915865
21,29307	1,85648
21,30047	1,821614
21,31019	1,780081
21,31614	1,754637
21,3232	1,726877
21,33888	1,671561
21,3448	1,653556
21,35781	1,615475
21,36353	1,600105
21,37465	1,571868
21,38194	1,553679
21,39702	1,517846
21,40445	1,501
21,41971	1,467504
21,42652	1,453847
21,43554	1,435845
21,4426	1,422312
21,45306	1,403673
21,45986	1,391571
21,46669	1,380939
21,47915	1,361607
21,48623	1,35213
21,50055	1,333502
21,51115	1,322278
21,51782	1,315216
21,52515	1,308795
21,53522	1,30075
21,54291	1,29539
21,55897	1,286852
21,5654	1,284898
21,57461	1,282501
21,58046	1,281103
21,59065	1,281232
21,59784	1,281323
21,60624	1,283131
21,61778	1,286426
21,626	1,290398
21,6423	1,300072
21,65257	1,308513
21,65902	1,313816
21,66474	1,319741
21,67401	1,329755
21,6808	1,33728
21,69202	1,35221
21,7002	1,363125
21,71705	1,389589
21,72406	1,40151
21,73427	1,419861
21,74232	1,43484
21,75306	1,456411
21,75926	1,468869
21,76613	1,48387
21,77526	1,504005
21,78124	1,517429
21,79668	1,554264
21,80285	1,569427
21,81361	1,596793
21,8234	1,622175
21,8327	1,647114
21,84175	1,671601
21,85158	1,699124
21,8592	1,720462
21,86589	1,739757
21,88076	1,782879
21,89051	1,811815
21,8966	1,829894
21,90329	1,849898
21,9137	1,88131
21,92066	1,902328
21,9308	1,933176
21,93797	1,955012
21,94461	1,975194
21,95969	2,021044
21,96673	2,042266
21,97691	2,07295
21,98332	2,092102
21,99215	2,118265
21,99824	2,136311
22,00389	2,152776
22,01231	2,177095
22,01856	2,195166
22,02449	2,211854
22,04115	2,258239
22,05093	2,284356
22,05794	2,30309
22,06408	2,318925
22,07528	2,347273
22,08144	2,362646
22,09089	2,385073
22,09723	2,400134
22,1045	2,416576
22,122	2,45458
22,13047	2,471503
22,13818	2,486911
22,14451	2,498602
22,15443	2,516316
22,16032	2,526758
22,1684	2,539353
22,17556	2,550523
22,18348	2,562042
22,19216	2,5735
22,19975	2,58352
22,20699	2,591322
22,21595	2,600915
22,22263	2,607379
22,2309	2,614089
22,23796	2,619815
22,24487	2,624135
22,25427	2,629267
22,26232	2,63304
22,27062	2,635333
22,27754	2,637249
22,28435	2,637947
22,29706	2,638005
22,3043	2,636868
22,31274	2,634608
22,31903	2,632925
22,32578	2,629561
22,33274	2,62582
22,33949	2,622192
22,34698	2,616305
22,35604	2,60903
22,36201	2,60371
22,37082	2,594352
22,37861	2,586079
22,3856	2,577247
22,39545	2,564321
22,40189	2,555422
22,41508	2,534952
22,42128	2,52503
22,43133	2,507133
22,43821	2,494882
22,44401	2,483704
22,45539	2,461032
22,46179	2,447921
22,47073	2,428329
22,4776	2,4133
22,484	2,398545
22,49941	2,362041
22,50768	2,341211
22,51717	2,317174
22,52443	2,298184
22,53394	2,272806
22,54154	2,252321
22,55149	2,224597
22,55945	2,202395
22,56705	2,180552
22,58707	2,122314
22,5971	2,092643
22,60361	2,073222
22,61391	2,042285
22,61999	2,024002
22,62586	2,006226
22,63637	1,974384
22,6429	1,954577
22,65883	1,906297
22,66665	1,882743
22,67612	1,854263
22,68412	1,830364
22,69438	1,800005
22,70206	1,777416
22,7122	1,748099
22,71835	1,730341
22,7246	1,712707
22,74522	1,655665
22,75951	1,617399
22,76661	1,599297
22,77596	1,575552
22,78272	1,558803
22,79351	1,533127
22,79937	1,519171
22,80581	1,504887
22,82047	1,472679
22,8314	1,450757
22,83923	1,435051
22,84732	1,420368
22,86079	1,396394
22,87134	1,379872
22,87867	1,368395
22,88587	1,358505
22,90213	1,337446
22,91294	1,325784
22,92167	1,3168
22,93234	1,308046
22,93924	1,302384
22,94629	1,298261
22,96376	1,289573
22,97559	1,286187
22,98192	1,284899
22,99254	1,284744
23,00024	1,284697
23,01098	1,287457
23,01864	1,289426
23,02481	1,292307
23,04181	1,301742
23,05264	1,310307
23,06136	1,317556
23,07178	1,328499
23,07933	1,336426
23,08645	1,345512
23,09775	1,360202
23,10471	1,37037
23,12013	1,394151
23,13043	1,412365
23,13818	1,426059
23,14388	1,436944
23,15448	1,457935
23,16069	1,47035
23,17323	1,497662
23,18188	1,516815
23,19937	1,558026
23,20857	1,581068
23,22053	1,611244
23,23076	1,638406
23,23802	1,657697
23,24518	1,67734
23,25564	1,706361
23,26294	1,726894
23,27285	1,75537
23,27874	1,772293
23,28565	1,79256
23,30195	1,840677
23,31278	1,873142
23,3209	1,897507
23,33039	1,926236
23,33752	1,947778
23,34307	1,964566
23,35321	1,995245
23,3603	2,016693
23,37068	2,047856
23,37689	2,066481
23,385	2,0906
23,39869	2,131024
23,40673	2,15427
23,41818	2,18728
23,42511	2,206772
23,43508	2,234551
23,44097	2,250839
23,45206	2,280455
23,4597	2,300835
23,46764	2,321002
23,48515	2,364539
23,49478	2,387441
23,50132	2,402735
23,51113	2,424321
23,51925	2,442183
23,5261	2,456089
23,53578	2,475513
23,54236	2,488232
23,55334	2,507954
23,56181	2,522786
23,57149	2,538013
23,57989	2,55122
23,5865	2,560083
23,60047	2,578645
23,61086	2,589951
23,61743	2,59711
23,62486	2,603949
23,63322	2,61091
23,63965	2,616266
23,64631	2,620147
23,65767	2,62661
23,66485	2,629399
23,67332	2,631951
23,68244	2,634039
23,69084	2,634298
23,69807	2,634522
23,70474	2,633445
23,71991	2,629805
23,72582	2,626822
23,73541	2,621946
23,74216	2,617944
23,75152	2,610705
23,758	2,605698
23,76329	2,600756
23,77382	2,58989
23,7793	2,584241
23,78476	2,577419
23,79425	2,565264
23,80058	2,557018
23,81637	2,533002
23,82223	2,523584
23,83262	2,505401
23,84047	2,491577
23,85083	2,471244
23,85761	2,45794
23,86437	2,443816
23,87667	2,417262
23,88423	2,400172
23,89823	2,36743
23,90452	2,351967
23,91398	2,328291
23,92013	2,312908
23,92965	2,287746
23,93736	2,267359
23,94339	2,25104
23,95323	2,22385
23,95986	2,205546
23,96616	2,147632
23,97948	2,023096
23,9859	1,962994
23,99626	1,865921
24,00246	1,807992
24,01319	1,708059
24,01965	1,64793
24,02702	1,580162
24,03689	1,489524
24,04394	1,425575
24,05823	1,297234
24,06435	1,243425
24,07439	1,156024
24,08076	1,100766
24,09058	1,018697
24,09688	0,9660251
24,10502	0,9000196
24,12466	0,746106
24,13529	0,6667061
24,14161	0,6203092
24,15126	0,553306
24,15697	0,5137128
24,16271	0,4754506
24,17283	0,4111188
24,17928	0,3701503
24,18598	0,3314539
24,19979	0,2525463
24,20704	0,2159444
24,21842	0,1587585
24,22502	0,1292707
24,23465	0,0878727
24,24181	0,05847878
24,25088	0,02643998
24,25732	0,00365318
24,26395	9999999999
24,27888	9999999999
24,28506	9999999999
24,29512	9999999999
24,3008	9999999999
24,31054	9999999999
24,31647	9999999999
24,32226	9999999999
24,33305	9999999999
24,33986	9999999999
24,34662	9999999999
24,36212	9999999999
24,37239	9999999999
24,37913	9999999999
24,38669	9999999999
24,3966	9999999999
24,40351	9999999999
24,41282	9999999999
24,41988	0,01722593
24,42611	0,04076291
24,44204	0,1026463
24,45754	0,1730411
24,4633	0,2015124
24,47336	0,2543122
24,47978	0,2880196
24,48706	0,3310213
24,49699	0,3897745
24,50361	0,4312157
24,51759	0,5227085
24,52451	0,5705562
24,53403	0,6382123
24,54029	0,6828925
24,5517	0,7699009
24,55828	0,8201118
24,56427	0,8677262
24,57412	0,9473579
24,58069	1,000743
24,59723	1,140778
24,60385	1,198025
24,61313	1,279649
24,62018	1,341617
24,62891	1,420522
24,63577	1,482451
24,64159	1,535368
24,65218	1,632891
24,65877	1,69368
24,66513	1,752794
24,6743	1,838207
24,68103	1,901023
24,69657	2,046237
24,70317	2,107826
24,71317	2,200863
24,72046	2,268598
24,73005	2,35674
24,73719	2,422328
24,74429	2,486708
24,75338	2,568433
24,75979	2,626073
24,76602	2,680499
24,77363	2,746979
24,78052	2,806863
24,78965	2,883544
24,79605	2,93724
24,8029	2,993572
24,81534	3,092905
24,82104	3,138016
24,82979	3,203779
24,83637	3,253278
24,84207	3,295073
24,85141	3,360425
24,85835	3,408961
24,86439	3,448665
24,87391	3,509682
24,88054	3,551806
24,89271	3,622107
24,90003	3,664364
24,91644	3,747885
24,92484	3,787175
24,93366	3,825683
24,94058	3,855503
24,95157	3,895158
24,95848	3,920083
24,96522	3,940305
24,97497	3,967813
24,98149	3,984996
24,99102	4,00416
24,99871	4,01961
25,00664	4,030054
25,01576	4,040846
25,02279	4,046822
25,03742	4,051869
25,04508	4,034023
25,0557	3,99482
25,07976	3,890019
25,0909	3,831417
25,10146	3,774674
25,11033	3,721411
25,11937	3,667154
25,12841	3,607078
25,14509	3,492352
25,15443	3,423973
25,16114	3,374249
25,17176	3,29045
25,17905	3,232947
25,18626	3,172888
25,19504	3,099182
25,20082	3,050357
25,21091	2,961198
25,21865	2,892804
25,22585	2,827016
25,24159	2,681599
25,25192	2,583425
25,25864	2,519583
25,26491	2,458925
25,27496	2,361163
25,28225	2,289987
25,29496	2,164674
25,30358	2,079451
25,31851	1,931361
25,32468	1,870216
25,33431	1,774858
25,3411	1,707783
25,35149	1,60587
25,35807	1,541383
25,36333	1,490425
25,37689	1,359887
25,38364	1,295828
25,39403	1,198476
25,40082	1,135111
25,41025	1,049814
25,41625	0,995578
25,42279	0,9375327
25,43289	0,8502405
25,44017	0,7874295
25,45409	0,6737853
25,4605	0,6217074
25,47055	0,5449902
25,47702	0,495609
25,48426	0,4429439
25,49464	0,3699769
25,50223	0,3181211
25,51253	0,2524199
25,51932	0,2091212
25,52613	0,1700398
25,54186	0,08221765
25,55383	0,02328516
25,56246	9999999999
25,57272	9999999999
25,57892	9999999999
25,58653	9999999999
25,60153	9999999999
25,61112	9999999999
25,61798	9999999999
25,62628	9999999999
25,63677	9999999999
25,64286	9999999999
25,65206	9999999999
25,65879	9999999999
25,66467	9999999999
25,68054	9999999999
25,69103	9999999999
25,7021	9999999999
25,71352	9999999999
25,71973	9999999999
25,72585	9999999999
25,73596	9999999999
25,74172	9999999999
25,75789	9999999999
25,76453	9999999999
25,77396	0,00550146
25,78019	0,03346468
25,79023	0,08607049
25,79674	0,1201942
25,80317	0,1561847
25,82053	0,2602195
