0	0
0,02	1,449
0,3533334	1,445076
0,4008001	0,9543533
0,4178464	0,8592033
0,4288328	0,8170688
0,4424383	0,7954248
0,4603035	0,7632538
0,4771414	0,7335111
0,4902842	0,721
0,5036249	0,6907592
0,5212083	0,6664413
0,5392594	0,6428455
0,5571952	0,6194788
0,5734643	0,5993935
0,5853435	0,5864925
0,5982348	0,5759
0,6104137	0,565607
0,6210926	0,5581118
0,6319517	0,5507141
0,6430694	0,5452498
0,6548309	0,5407336
0,6653174	0,5366567
0,6798608	0,5338299
0,6914445	0,5325426
0,7047858	0,5321782
0,7171136	0,5336419
0,7366399	0,5358907
0,7478752	0,542168
0,758855	0,5474747
0,7705308	0,5533209
0,7824925	0,5605994
0,7947127	0,5703216
0,8064696	0,5790211
0,8225031	0,5934509
0,8338798	0,6060234
0,8494285	0,622581
0,8615394	0,63648
0,8741052	0,6524733
0,8854519	0,667176
0,8969308	0,6842903
0,9092742	0,7001845
0,92133	0,7183925
0,9320877	0,7366432
0,9433984	0,7540281
0,9558492	0,772522
0,9676436	0,791927
0,9785081	0,8118345
0,991311	0,8307774
1,003647	0,8532706
1,01973	0,8793606
1,035148	0,904791
1,048572	0,9198633
1,060355	0,9550647
1,072443	0,9756796
1,084128	0,9954879
1,095643	1,016032
1,10792	1,035393
1,119616	1,055362
1,131818	1,07429
1,143418	1,093533
1,155441	1,112338
1,167732	1,130379
1,178492	1,147534
1,191025	1,163481
1,202235	1,179895
1,214643	1,195348
1,226835	1,210801
1,237889	1,223259
1,248664	1,235594
1,260464	1,24761
1,272851	1,259435
1,28352	1,268968
1,29577	1,27866
1,308254	1,287215
1,320322	1,29506
1,331541	1,30168
1,345793	1,306943
1,356593	1,312246
1,368956	1,315588
1,380095	1,318018
1,390489	1,319327
1,403572	1,319961
1,416362	1,318812
1,429231	1,316761
1,439614	1,314818
1,449987	1,311399
1,463038	1,306083
1,476911	1,29912
1,490424	1,291311
1,504003	1,283041
1,517223	1,272363
1,533477	1,261133
1,547736	1,246701
1,561289	1,232094
1,574486	1,217766
1,587639	1,204282
1,599933	1,188843
1,612854	1,172597
1,629341	1,156661
1,64182	1,134541
1,654891	1,116337
1,667985	1,099436
1,681114	1,079206
1,695042	1,059382
1,709327	1,039284
1,722897	1,016899
1,736341	0,9969549
1,749827	0,9766874
1,762521	0,9575221
1,776196	0,9361697
1,789732	0,9162744
1,803417	0,8980874
1,817564	0,876846
1,830552	0,8574663
1,843156	0,8402429
1,856808	0,8222684
1,870434	0,8052197
1,88282	0,7887566
1,896502	0,7730342
1,909215	0,7629563
1,921821	0,744105
1,935582	0,7307605
1,948421	0,7186073
1,961039	0,7065806
1,974429	0,6957638
1,987646	0,6865988
2,000008	0,6776215
2,013509	0,6693509
2,02681	0,6625545
2,040042	0,6565781
2,054086	0,6520392
2,067338	0,6481526
2,079304	0,6456618
2,092976	0,6442686
2,106217	0,643662
2,118975	0,6445028
2,132466	0,6463852
2,146896	0,6491907
2,159578	0,6533419
2,172944	0,6583601
2,186733	0,663868
2,19917	0,6712621
2,212147	0,6786593
2,225499	0,6874843
2,235644	0,6940311
2,24851	0,7048987
2,2612	0,7162696
2,274753	0,7285882
2,288327	0,7407057
2,300571	0,7534639
2,313682	0,7676338
2,327101	0,7812784
2,340191	0,7963772
2,350787	0,8089277
2,363551	0,8243036
2,377179	0,8413934
2,390051	0,8577845
2,40263	0,8730056
2,415868	0,89036
2,42897	0,9074317
2,441467	0,9237242
2,45484	0,9407727
2,468648	0,9573435
2,481741	0,9754035
2,492143	0,9809772
2,505508	1,004802
2,518031	1,021091
2,531367	1,037759
2,54473	1,05268
2,558349	1,069128
2,571384	1,08417
2,583525	1,097195
2,597395	1,110634
2,611206	1,125252
2,624217	1,137595
2,637611	1,149534
2,650876	1,160071
2,662923	1,169909
2,676287	1,179466
2,689956	1,188282
2,703723	1,196221
2,716432	1,202862
2,729723	1,208961
2,743354	1,214053
2,757152	1,218279
2,771274	1,22155
2,787588	1,223788
2,801094	1,225084
2,813779	1,224975
2,828285	1,224104
2,84103	1,222155
2,854941	1,219109
2,868447	1,215596
2,882691	1,210615
2,89428	1,205778
2,907931	1,199149
2,920346	1,192154
2,934474	1,183717
2,948331	1,174965
2,962498	1,16489
2,97285	1,15686
2,987992	1,145741
3,002842	1,132841
3,014245	1,121998
3,026318	1,111559
3,040003	1,096518
3,054446	1,082468
3,069479	1,06835
3,084426	1,052176
3,0971	1,046118
3,108701	1,026661
3,118985	1,014024
3,133421	0,9975654
3,149033	0,9813029
3,159433	0,9683473
3,170034	0,9580829
3,180435	0,9456507
3,191932	0,9327523
3,202448	0,9217967
3,21366	0,9091257
3,224181	0,8976542
3,234624	0,8871611
3,249969	0,871963
3,263986	0,8571185
3,274085	0,8473262
3,288674	0,8343995
3,302782	0,821672
3,312791	0,812851
3,32728	0,8011689
3,341556	0,7900155
3,352819	0,7827371
3,367656	0,7727357
3,381855	0,7638409
3,393722	0,7608663
3,40908	0,7497253
3,423111	0,7431461
3,433653	0,7394402
3,448383	0,734603
3,462415	0,7308111
3,472695	0,7288773
3,487444	0,7267041
3,501744	0,7255719
3,516531	0,7255228
3,526613	0,7258347
3,54107	0,7274141
3,55158	0,7290636
3,566836	0,7321122
3,580266	0,7362167
3,590405	0,7395979
3,605104	0,7448386
3,618574	0,7510642
3,632957	0,7581788
3,647177	0,7656306
3,65753	0,7713972
3,668726	0,7781246
3,683753	0,7885748
3,698214	0,7995863
3,714399	0,8065021
3,729261	0,823105
3,743779	0,8356699
3,754173	0,8441507
3,769613	0,8571603
3,784526	0,8709526
3,79578	0,8819
3,806277	0,8910946
3,819975	0,9044563
3,831781	0,9140004
3,8428	0,9258507
3,853431	0,936043
3,868195	0,949762
3,881801	0,9638698
3,893165	0,9741496
3,903339	0,9832773
3,91378	0,9934859
3,928442	1,006422
3,94281	1,019859
3,953741	1,028707
3,968991	1,041014
3,983287	1,053638
3,9935	1,061295
4,015012	1,072765
4,029871	1,087706
4,044567	1,09765
4,05558	1,104337
4,065587	1,11002
4,07585	1,115572
4,08672	1,120982
4,101236	1,128043
4,115776	1,13414
4,126309	1,137846
4,140816	1,14275
4,151431	1,145437
4,166584	1,148821
4,180732	1,151141
4,19111	1,152367
4,205964	1,153422
4,220998	1,15342
4,23572	1,152571
4,250567	1,150957
4,263474	1,148825
4,273574	1,146644
4,288279	1,14312
4,301897	1,138915
4,315799	1,133873
4,33121	1,130441
4,345991	1,121232
4,359885	1,113959
4,370123	1,10922
4,383628	1,10104
4,397831	1,092597
4,408433	1,086484
4,421625	1,076932
4,436385	1,067182
4,446682	1,059954
4,460635	1,049349
4,470869	1,041714
4,485425	1,030914
4,499968	1,019107
4,510201	1,011242
4,524058	0,9993455
4,534991	0,9913086
4,550127	0,9792868
4,565289	0,9663841
4,577801	0,9560391
4,588223	0,9475766
4,603504	0,9354055
4,618245	0,9233392
4,636443	0,9119607
4,646602	0,901785
4,660411	0,8911372
4,67049	0,8839287
4,684385	0,8741734
4,698535	0,8643631
4,708793	0,8580512
4,723234	0,8487597
4,733807	0,8428653
4,748696	0,8347919
4,763432	0,8266588
4,773753	0,821838
4,788877	0,8152338
4,798921	0,8109269
4,80946	0,8070939
4,823852	0,8018678
4,838398	0,7976938
4,853142	0,7942413
4,863718	0,7919637
4,874265	0,790239
4,890233	0,7884004
4,904625	0,7871565
4,914929	0,7870417
4,925517	0,7869486
4,940488	0,78781
4,952486	0,7881254
4,967406	0,7907978
4,981311	0,79366
4,991799	0,7959803
5,008033	0,7997057
5,019521	0,8035898
5,030358	0,8071984
5,040518	0,8111436
5,050775	0,8152674
5,06548	0,8213067
5,079882	0,8282906
5,090871	0,8330413
5,106789	0,8414354
5,117239	0,8477005
5,12729	0,853263
5,137551	0,8594216
5,147698	0,8654327
5,162042	0,8747772
5,172425	0,8815898
5,182555	0,8882425
5,192745	0,8948436
5,202901	0,9013668
5,217537	0,9116365
5,228122	0,9186682
5,238147	0,9260355
5,248485	0,9328265
5,263052	0,9436737
5,27484	0,9469626
5,28951	0,961817
5,304118	0,9719283
5,314631	0,9793479
5,329772	0,9892189
5,344211	0,9992501
5,354689	1,006191
5,369814	1,015134
5,38416	1,024274
5,39442	1,030591
5,409271	1,03868
5,422856	1,046466
5,433369	1,051519
5,447585	1,058812
5,461355	1,065257
5,475636	1,071203
5,485765	1,074905
5,49933	1,080082
5,513731	1,08478
5,528643	1,089035
5,542859	1,09274
5,557439	1,095692
5,571532	1,098042
5,581666	1,099366
5,593619	1,099958
5,609828	1,101417
5,623807	1,101758
5,634339	1,101414
5,648245	1,100672
5,658341	1,099671
5,668434	1,098608
5,68338	1,096284
5,697467	1,093295
5,70766	1,091176
5,72204	1,087393
5,736545	1,083084
5,746604	1,080178
5,760928	1,074672
5,771945	1,070734
5,788062	1,06458
5,799037	1,059536
5,810056	1,054463
5,821046	1,049002
5,831393	1,043745
5,846715	1,036339
5,861117	1,028096
5,871541	1,02243
5,886817	1,014683
5,901652	1,005479
5,915378	0,9973707
5,925642	0,9915363
5,94004	0,9827072
5,950652	0,9764213
5,965527	0,9674391
5,979683	0,9586632
5,990023	0,9527888
6,004503	0,9438846
6,017316	0,9375244
6,029525	0,9297427
6,043538	0,921087
6,054362	0,9156426
6,069538	0,9071985
6,084289	0,8994319
6,094845	0,893586
6,106056	0,8885503
6,116121	0,8834238
6,126506	0,8788583
6,136828	0,874139
6,147835	0,8697573
6,162724	0,8634
6,173502	0,8595036
6,189358	0,8543422
6,202875	0,8498106
6,213211	0,846772
6,223334	0,8440541
6,234077	0,841683
6,250423	0,8385032
6,260681	0,8364528
6,272195	0,8348807
6,288526	0,8330742
6,303174	0,8318774
6,31356	0,8315285
6,32372	0,8312784
6,334247	0,8314749
6,349249	0,8320273
6,363802	0,8331431
6,374712	0,834434
6,385058	0,8356395
6,39631	0,8373841
6,410693	0,8397813
6,423155	0,8428609
6,434272	0,8456107
6,449177	0,8495167
6,459396	0,8528515
6,470469	0,8558869
6,485284	0,8611072
6,495829	0,8652309
6,512732	0,8690137
6,527521	0,8775287
6,53765	0,8821155
6,547902	0,8862964
6,558456	0,8912406
6,569439	0,8960885
6,584093	0,9032286
6,594764	0,9083164
6,606933	0,914205
6,61753	0,9196495
6,627653	0,9248688
6,642686	0,9325656
6,653474	0,9381465
6,663709	0,9432968
6,674577	0,9491966
6,689728	0,9568061
6,704464	0,9642352
6,714765	0,9697546
6,725985	0,9748928
6,736919	0,9805459
6,747498	0,9855122
6,757635	0,9908738
6,768913	0,9952487
6,783609	1,002659
6,795382	1,007367
6,811867	1,012608
6,823933	1,019382
6,834796	1,023743
6,845247	1,027604
6,85682	1,031761
6,868769	1,035205
6,879542	1,038914
6,892006	1,042491
6,90544	1,045575
6,918724	1,049515
6,92932	1,051833
6,940262	1,054006
6,952213	1,05609
6,962626	1,057737
6,972997	1,059137
6,98803	1,060654
7,002712	1,061694
7,013534	1,062124
7,028985	1,062392
7,04352	1,062174
7,054478	1,061625
7,070253	1,060614
7,084998	1,059088
7,099792	1,057003
7,109947	1,055546
7,120295	1,053776
7,131734	1,052709
7,144355	1,048518
7,157891	1,045081
7,171761	1,041422
7,184862	1,037917
7,19782	1,033587
7,211641	1,029139
7,225117	1,02477
7,237853	1,019964
7,250841	1,015186
7,263152	1,010334
7,276666	1,004845
7,290379	0,9993402
7,303236	0,9941706
7,316545	0,9883861
7,329399	0,9827079
7,341754	0,9772651
7,35183	0,9734084
7,36482	0,9674391
7,378068	0,9616405
7,388985	0,9568364
7,402359	0,9509179
7,414964	0,9451872
7,432325	0,9398381
7,445518	0,9325029
7,458571	0,9269786
7,472271	0,9216532
7,485877	0,9167645
7,498096	0,9115711
7,512178	0,9066809
7,525133	0,902221
7,537815	0,8978963
7,551532	0,8937728
7,564531	0,8898602
7,577629	0,8861881
7,588005	0,8838211
7,603118	0,8801353
7,617888	0,8769184
7,630636	0,8743104
7,643291	0,8721418
7,656636	0,870285
7,66958	0,8687021
7,682024	0,8673975
7,695289	0,8664355
7,709562	0,8657151
7,719859	0,8655638
7,733088	0,8653014
7,745575	0,8654082
7,75856	0,8659743
7,771933	0,8668262
7,785413	0,8677522
7,797838	0,8692497
7,81128	0,87103
7,823849	0,8728765
7,837662	0,8752332
7,85137	0,8777941
7,864846	0,880577
7,877729	0,8837258
7,89129	0,8869859
7,903535	0,8903235
7,916705	0,8940351
7,926868	0,8966525
7,939875	0,9010144
7,953321	0,9051279
7,966729	0,9093416
7,979491	0,9140468
7,993592	0,9189817
8,008501	0,9240264
8,021264	0,9290593
8,034319	0,9336506
8,047254	0,9383726
8,060114	0,9434687
8,074221	0,9488279
8,08738	0,9535694
8,10006	0,9586315
8,113534	0,9637248
8,127905	0,9685482
8,143302	0,9741012
8,153357	0,9780251
8,16829	0,9830617
8,18047	0,9866578
8,191376	0,9910254
8,205849	0,995475
8,219651	0,999834
8,234459	1,00414
8,249193	1,008065
8,262967	1,012213
8,273875	1,014668
8,288795	1,018058
8,303236	1,021126
8,321728	1,0222
8,337032	1,027099
8,350709	1,028994
8,36483	1,030844
8,375063	1,031847
8,386981	1,032824
8,401468	1,033823
8,412557	1,034256
8,427698	1,034662
8,441126	1,034648
8,451608	1,034442
8,465023	1,033997
8,478709	1,033089
8,49268	1,031922
8,507243	1,030631
8,520767	1,028894
8,534485	1,026912
8,548513	1,024733
8,562092	1,022258
8,576478	1,01956
8,590897	1,016505
8,601583	1,014424
8,611625	1,011664
8,629865	1,008314
8,640179	1,00457
8,65283	1,00157
8,668157	0,99689
8,682034	0,9924552
8,69213	0,9894938
8,702654	0,9866521
8,714974	0,9828097
8,728077	0,9790282
8,738322	0,9750633
8,752817	0,9703762
8,768014	0,9656383
8,781837	0,9607109
8,792712	0,9572076
8,802932	0,9543468
8,817496	0,9492846
8,831097	0,9447995
8,845583	0,9404495
8,8593	0,9360939
8,874348	0,9319564
8,888668	0,9277284
8,901919	0,9237359
8,912165	0,9209942
8,929336	0,9186715
8,942269	0,913607
8,953952	0,9122599
8,967087	0,9078295
8,980974	0,9048262
8,991669	0,9027141
9,005783	0,9003288
9,017076	0,8985387
9,028123	0,896781
9,046348	0,8947915
